======> EVENT:1
 EventHeader     = (vector<edm4hep::EventHeaderData>*)0x21bdea0
 EventHeader.eventNumber = 1
 EventHeader.runNumber = -1
 EventHeader.timeStamp = 1678869781
 EventHeader.weight = 0.000000
 MCParticles     = (vector<edm4hep::MCParticleData>*)0x8c16fa0
 MCParticles.PDG = -11, -11, 11, 11, 23, -13, 13, -13, 22, 13, -13, 13, 22, 11, 11
 MCParticles.generatorStatus = 4, 21, 4, 21, 22, 23, 23, 51, 1, 52, 1, 1, 1, 0, 0
 MCParticles.simulatorStatus = 0, 0, 0, 0, 0, 0, 0, 0, 16777216, 0, 33554432, 33554432, 16777216, 1493172224, 1493172224
 MCParticles.charge = 1.000000, 1.000000, -1.000000, -1.000000, 0.000000, 1.000000, -1.000000, 1.000000, 0.000000, -1.000000, 1.000000, -1.000000, 0.000000, -1.000000, -1.000000
 MCParticles.time = 0.000000, 0.000000, 0.000000, 0.000000, 0.000000, 0.000000, 0.000000, 0.000000, 0.000000, 0.000000, 0.000000, 0.000000, 0.000000, 1.534155, 6.003420
 MCParticles.mass = 0.000511, 0, 0.000511, 0, 91, 0.10566, 0.10566, 0.10566, 0, 0.10566, 0.10566, 0.10566, 0, 0.000510999, 0.000510999
 MCParticles.vertex.x = 0, 0, 0, 0, 0, 0, 0, 0, 0, 0, 0, 0, 0, 251.884, 974.815
 MCParticles.vertex.y = 0, 0, 0, 0, 0, 0, 0, 0, 0, 0, 0, 0, 0, 311.133, 1226.16
 MCParticles.vertex.z = 0, 0, 0, 0, 0, 0, 0, 0, 0, 0, 0, 0, 0, -226.458, -886.196
 MCParticles.endpoint.x = 0, 0, 0, 0, 0, 0, 0, 0, -1250.53, 0, -5079.13, 4546.13, 1447, 248.467, 974.293
 MCParticles.endpoint.y = 0, 0, 0, 0, 0, 0, 0, 0, -1762.62, 0, -6100, 6100, 1658.93, 313.779, 1225.47
 MCParticles.endpoint.z = 0, 0, 0, 0, 0, 0, 0, 0, 1195.75, 0, 4608.16, -4284.14, -1252.86, -301.271, -890.234
 MCParticles.momentum.x = 0.682551, 0.682551, 0.682551, 0.682551, 1.365102, -23.853565, 25.218668, -23.842268, -0.011292, 25.218662, -23.842268, 25.218393, 0.000269, 0.003962, -0.000292
 MCParticles.momentum.y = 0.000000, 0.000000, 0.000000, 0.000000, 0.000000, -30.955738, 30.955738, -30.939816, -0.015917, 30.955732, -30.939816, 30.955423, 0.000310, 0.002637, 0.001351
 MCParticles.momentum.z = 45.500000, 45.500000, -45.500000, -45.500000, 0.000000, 22.585295, -22.585295, 22.574492, 0.010798, -22.585289, 22.574492, -22.585056, -0.000234, -0.005004, -0.000913
 MCParticles.momentumAtEndpoint.x = 0.000000, 0.000000, 0.000000, 0.000000, 0.000000, 0.000000, 0.000000, 0.000000, -0.000000, 0.000000, -22.876488, 20.304991, 0.000000, 0.000000, -0.000000
 MCParticles.momentumAtEndpoint.y = 0.000000, 0.000000, 0.000000, 0.000000, 0.000000, 0.000000, 0.000000, 0.000000, -0.000000, 0.000000, -27.304279, 27.603289, 0.000000, 0.000000, 0.000000
 MCParticles.momentumAtEndpoint.z = 0.000000, 0.000000, 0.000000, 0.000000, 0.000000, 0.000000, 0.000000, 0.000000, 0.000000, 0.000000, 20.693527, -19.254663, -0.000000, 0.000000, 0.000000
 MCParticles.spin.x = 0.000000, 0.000000, 0.000000, 0.000000, 0.000000, 0.000000, 0.000000, 0.000000, 0.000000, 0.000000, 0.000000, 0.000000, 0.000000, 0.000000, 0.000000
 MCParticles.spin.y = 0.000000, 0.000000, 0.000000, 0.000000, 0.000000, 0.000000, 0.000000, 0.000000, 0.000000, 0.000000, 0.000000, 0.000000, 0.000000, 0.000000, 0.000000
 MCParticles.spin.z = 0.000000, 0.000000, 0.000000, 0.000000, 0.000000, 0.000000, 0.000000, 0.000000, 0.000000, 0.000000, 0.000000, 0.000000, 0.000000, 0.000000, 0.000000
 MCParticles.colorFlow.a = 0, 0, 0, 0, 0, 0, 0, 0, 0, 0, 0, 0, 0, 0, 0
 MCParticles.colorFlow.b = 0, 0, 0, 0, 0, 0, 0, 0, 0, 0, 0, 0, 0, 0, 0
 MCParticles.parents_begin = 0, 0, 1, 1, 2, 4, 5, 6, 7, 8, 9, 10, 11, 12, 13
 MCParticles.parents_end = 0, 1, 1, 2, 4, 5, 6, 7, 8, 9, 10, 11, 12, 13, 14
 MCParticles.daughters_begin = 0, 1, 2, 3, 4, 6, 8, 9, 10, 10, 12, 12, 14, 14, 14
 MCParticles.daughters_end = 1, 2, 3, 4, 6, 8, 9, 10, 10, 12, 12, 14, 14, 14, 14
 MCParticles#0   = (vector<podio::ObjectID>*)0x4e4d070
 MCParticles#0.index = 0, 2, 1, 3, 4, 4, 5, 5, 6, 7, 9, 9, 11, 11
 MCParticles#0.collectionID = 1, 1, 1, 1, 1, 1, 1, 1, 1, 1, 1, 1, 1, 1
 MCParticles#1   = (vector<podio::ObjectID>*)0x956a6d0
 MCParticles#1.index = 1, 4, 3, 4, 5, 6, 7, 8, 9, 10, 11, 12, 13, 14
 MCParticles#1.collectionID = 1, 1, 1, 1, 1, 1, 1, 1, 1, 1, 1, 1, 1, 1
 VertexBarrelCollection = (vector<edm4hep::SimTrackerHitData>*)0x3f05390
 VertexBarrelCollection.cellID = 16385, 16513, 16641, 16769, 16897, 17025, 81921, 82049, 65793, 65921, 82433, 82561
 VertexBarrelCollection.EDep = 0.000013, 0.000025, 0.000012, 0.000013, 0.000024, 0.000017, 0.000015, 0.000019, 0.000019, 0.000020, 0.000009, 0.000014
 VertexBarrelCollection.time = 0.049252, 0.053296, 0.136967, 0.141043, 0.220688, 0.224733, 0.049667, 0.053746, 0.137155, 0.141236, 0.222528, 0.226607
 VertexBarrelCollection.pathLength = 0.057745, 0.057745, 0.058183, 0.058183, 0.057749, 0.057750, 0.058230, 0.058230, 0.058267, 0.058267, 0.058225, 0.058225
 VertexBarrelCollection.quality = 0, 0, 0, 0, 0, 0, 0, 0, 0, 0, 0, 0
 VertexBarrelCollection.position.x = 8.10018, 8.76659, 22.549, 23.2201, 36.3341, 36.9998, -7.85492, -8.50152, -21.7229, -22.37, -35.2614, -35.9084
 VertexBarrelCollection.position.y = 9.94518, 10.7637, 27.6961, 28.5211, 44.6438, 45.4629, -10.1904, -11.0288, -28.173, -29.0118, -45.7164, -46.5543
 VertexBarrelCollection.position.z = -7.25531, -7.85235, -20.2025, -20.8041, -32.56, -33.1571, 7.43597, 8.04781, 20.5592, 21.1715, 33.3654, 33.9772
 VertexBarrelCollection.momentum.x = 25.211882, 25.211058, 25.199100, 25.198561, 25.189568, 25.189007, -23.848059, -23.848560, -23.858545, -23.859289, -23.869101, -23.869520
 VertexBarrelCollection.momentum.y = 30.960350, 30.960869, 30.969929, 30.970369, 30.977615, 30.978045, -30.935427, -30.935020, -30.927443, -30.926674, -30.918404, -30.918058
 VertexBarrelCollection.momentum.z = -22.584620, -22.584787, -22.585300, -22.585274, -22.584867, -22.584864, 22.573282, 22.573275, 22.572639, 22.572866, 22.573389, 22.573393
 VertexBarrelCollection#0 = (vector<podio::ObjectID>*)0x6129c50
 VertexBarrelCollection#0.index = 11, 11, 11, 11, 11, 11, 10, 10, 10, 10, 10, 10
 VertexBarrelCollection#0.collectionID = 1, 1, 1, 1, 1, 1, 1, 1, 1, 1, 1, 1
 InnerTrackerBarrelCollection = (vector<edm4hep::SimTrackerHitData>*)0x95fdb60
 InnerTrackerBarrelCollection.cellID = 218136579, 134316163, 167936259, 117547139, 100761731, 100769923, 100761731, 100769923, 100761731, 100761731, 100761731, 302137347, 386326659, 587956483
 InnerTrackerBarrelCollection.EDep = 0.000023, 0.000036, 0.000031, 0.000043, 0.000028, 0.000051, 0.000029, 0.000031, 0.000070, 0.000026, 0.000038, 0.000031, 0.000026, 0.000044
 InnerTrackerBarrelCollection.time = 0.486800, 1.533174, 2.567839, 1.656454, 1.761960, 1.847596, 1.919290, 1.981783, 2.028446, 2.056521, 2.085790, 0.489413, 1.551630, 2.581798
 InnerTrackerBarrelCollection.pathLength = 0.114894, 0.114908, 0.114899, 0.149166, 0.106104, 0.122384, 0.117436, 0.129660, 0.122307, 0.122278, 0.141473, 0.115513, 0.115551, 0.115532
 InnerTrackerBarrelCollection.quality = 0, 0, 0, 0, 0, 0, 0, 0, 0, 0, 0, 0, 0, 0
 InnerTrackerBarrelCollection.position.x = 80.0979, 251.692, 420.497, 243.217, 254.169, 242.97, 250.782, 244.963, 249.637, 244.767, 248.435, -77.6091, -246.777, -411.715
 InnerTrackerBarrelCollection.position.y = 98.5229, 310.894, 521.598, 320.858, 308.833, 321.035, 311.651, 319.608, 312.604, 316.657, 313.605, -100.508, -318.237, -528.705
 InnerTrackerBarrelCollection.position.z = -71.8251, -226.285, -379.003, -254.458, -271.058, -278.869, -290.203, -294.021, -296.661, -296.283, -297.46, 73.3855, 232.704, 387.23
 InnerTrackerBarrelCollection.momentum.x = 25.156250, 25.026804, 24.894701, -0.002295, 0.002998, -0.003084, 0.002369, -0.001450, 0.001080, -0.001166, 0.000403, -23.901018, -24.029699, -24.156136
 InnerTrackerBarrelCollection.momentum.y = 31.003851, 31.106155, 31.205050, -0.003257, 0.004368, -0.002506, 0.002115, -0.001710, 0.001499, -0.000994, 0.000337, -30.891933, -30.793680, -30.692940
 InnerTrackerBarrelCollection.momentum.z = -22.584503, -22.585283, -22.580637, -0.004447, -0.001630, -0.002488, -0.001927, -0.001778, -0.001378, 0.000904, -0.000925, 22.574373, 22.570330, 22.570114
 InnerTrackerBarrelCollection#0 = (vector<podio::ObjectID>*)0x5b90cb0
 InnerTrackerBarrelCollection#0.index = 11, 11, 11, 13, 13, 13, 13, 13, 13, 13, 13, 10, 10, 10
 InnerTrackerBarrelCollection#0.collectionID = 1, 1, 1, 1, 1, 1, 1, 1, 1, 1, 1, 1, 1, 1
 OuterTrackerBarrelCollection = (vector<edm4hep::SimTrackerHitData>*)0x3967d50
 OuterTrackerBarrelCollection.cellID = 386121733, 201719941, 17309957, 201719941, 1024532485, 1209712773, 1394893061
 OuterTrackerBarrelCollection.EDep = 0.000040, 0.000030, 0.000038, 0.000039, 0.000030, 0.000032, 0.000029
 OuterTrackerBarrelCollection.time = 3.825582, 6.002757, 8.214866, 6.018960, 3.867106, 6.034105, 8.258032
 OuterTrackerBarrelCollection.pathLength = 0.114905, 0.114897, 0.114912, 0.117683, 0.115520, 0.115515, 0.115524
 OuterTrackerBarrelCollection.quality = 0, 0, 0, 0, 0, 0, 0
 OuterTrackerBarrelCollection.position.x = 624.53, 974.678, 1326.54, 971.87, -618.736, -970.782, -1335.99
 OuterTrackerBarrelCollection.position.y = 778.65, 1225.98, 1683.52, 1228.17, -790.332, -1229.02, -1676.08
 OuterTrackerBarrelCollection.position.z = -564.663, -886.07, -1212.64, -886.898, 580.02, 905.067, 1238.64
 OuterTrackerBarrelCollection.momentum.x = 24.738441, 24.467445, 24.194256, -0.000939, -24.313540, -24.574638, -24.842808
 OuterTrackerBarrelCollection.momentum.y = 31.324989, 31.535240, 31.743063, -0.000509, -30.565935, -30.355993, -30.135790
 OuterTrackerBarrelCollection.momentum.z = -22.582323, -22.583250, -22.582155, -0.000208, 22.570154, 22.569096, 22.568758
 OuterTrackerBarrelCollection#0 = (vector<podio::ObjectID>*)0x5fe0430
 OuterTrackerBarrelCollection#0.index = 11, 11, 11, 14, 10, 10, 10
 OuterTrackerBarrelCollection#0.collectionID = 1, 1, 1, 1, 1, 1, 1
 ECalBarrelCollection = (vector<edm4hep::SimCalorimeterHitData>*)0x655f760
 ECalBarrelCollection.cellID = 18379189817305990420, 18378908342329804052, 18378908342330328340, 18378626867354141972, 18378345392377955604, 18378345388083512596, 18378063913107326228, 18378063913107850516, 18377782438131664148, 18377782438132188436, 18377500963156002068, 18377500963156526356, 18377219488180339988, 18376938008909186324, 18376938008909710612, 18376656533933524244, 18376656533934048532, 18376375058957862164, 18376375058958386452, 18376093583982200084
 ECalBarrelCollection.energy = 0.000271, 0.000417, 0.000183, 0.000177, 0.000174, 0.000168, 0.000416, 0.000210, 0.000206, 0.000141, 0.000180, 0.000154, 0.000226, 0.000187, 0.000175, 0.000508, 0.000236, 0.000152, 0.000203, 0.000299
 ECalBarrelCollection.position.x = 1345.620483, 1348.145508, 1350.670532, 1353.195557, 1355.720459, 1362.662231, 1365.187256, 1367.712280, 1370.237183, 1372.762207, 1375.287231, 1377.812256, 1380.337280, 1387.278931, 1389.803955, 1392.328979, 1394.854004, 1397.378906, 1399.903931, 1402.428955
 ECalBarrelCollection.position.y = 1708.483032, 1712.856567, 1717.229980, 1721.603394, 1725.976807, 1727.800171, 1732.173706, 1736.547119, 1740.920532, 1745.293945, 1749.667358, 1754.040771, 1758.414185, 1760.237671, 1764.611084, 1768.984497, 1773.357910, 1777.731323, 1782.104736, 1786.478271
 ECalBarrelCollection.position.z = -1229.099976, -1234.199951, -1234.199951, -1239.300049, -1244.400024, -1244.400024, -1249.500000, -1249.500000, -1254.599976, -1254.599976, -1259.699951, -1259.699951, -1264.800049, -1269.900024, -1269.900024, -1275.000000, -1275.000000, -1280.099976, -1280.099976, -1285.199951
 ECalBarrelCollection.contributions_begin = 0, 1, 2, 3, 4, 5, 6, 8, 9, 10, 11, 12, 13, 14, 15, 16, 17, 24, 25, 26
 ECalBarrelCollection.contributions_end = 1, 2, 3, 4, 5, 6, 8, 9, 10, 11, 12, 13, 14, 15, 16, 17, 24, 25, 26, 27
 ECalBarrelCollection#0 = (vector<podio::ObjectID>*)0x5134ea0
 ECalBarrelCollection#0.index = 0, 1, 2, 3, 4, 5, 6, 7, 8, 9, 10, 11, 12, 13, 14, 15, 16, 17, 18, 19
 ECalBarrelCollection#0.collectionID = 10, 10, 10, 10, 10, 10, 10, 10, 10, 10, 10, 10, 10, 10, 10, 10, 10, 10, 10, 10
 ECalBarrelCollectionContributions = (vector<edm4hep::CaloHitContributionData>*)0x9a8a750
 ECalBarrelCollectionContributions.PDG = 13, 13, 13, 13, 13, 13, 13, 11, 13, 13, 13, 13, 13, 13, 13, 13, 13, 13, 13, 11
 ECalBarrelCollectionContributions.energy = 0.000271, 0.000417, 0.000183, 0.000177, 0.000174, 0.000168, 0.000188, 0.000228, 0.000210, 0.000206, 0.000141, 0.000180, 0.000154, 0.000226, 0.000187, 0.000175, 0.000508, 0.000002, 0.000138, 0.000022
 ECalBarrelCollectionContributions.time = 8.336028, 8.355543, 8.375055, 8.394573, 8.414093, 8.433616, 8.453146, 8.456496, 8.472674, 8.492200, 8.511726, 8.531251, 8.550776, 8.570298, 8.589819, 8.609342, 8.628861, 8.646485, 8.648386, 8.646716
 ECalBarrelCollectionContributions.stepPosition.x = 1345.574829, 1348.657471, 1351.737915, 1354.818481, 1357.898926, 1360.978394, 1364.059326, 1365.101562, 1367.139526, 1370.217163, 1373.293579, 1376.370483, 1379.448853, 1382.526001, 1385.601685, 1388.676270, 1391.749023, 1394.672852, 1394.824951, 1394.683105
 ECalBarrelCollectionContributions.stepPosition.y = 1708.509399, 1712.560913, 1716.613647, 1720.666260, 1724.719116, 1728.772339, 1732.824829, 1732.223145, 1736.877686, 1740.932129, 1744.987183, 1749.041870, 1753.095825, 1757.150513, 1761.206055, 1765.262085, 1769.319336, 1773.178589, 1773.379517, 1773.183838
 ECalBarrelCollectionContributions.stepPosition.z = -1230.411011, -1233.293945, -1236.175537, -1239.060547, -1241.946411, -1244.835083, -1247.727051, -1247.668701, -1250.618774, -1253.509277, -1256.400879, -1259.291016, -1262.180542, -1265.069824, -1267.957886, -1270.847046, -1273.735474, -1276.485352, -1276.628540, -1276.519165
 ECalBarrelCollectionContributions#0 = (vector<podio::ObjectID>*)0x29c44e0
 ECalBarrelCollectionContributions#0.index = 11, 11, 11, 11, 11, 11, 11, 11, 11, 11, 11, 11, 11, 11, 11, 11, 11, 11, 11, 11
 ECalBarrelCollectionContributions#0.collectionID = 1, 1, 1, 1, 1, 1, 1, 1, 1, 1, 1, 1, 1, 1, 1, 1, 1, 1, 1, 1
 HCalBarrelCollection = (vector<edm4hep::SimCalorimeterHitData>*)0x65625e0
 HCalBarrelCollection.cellID = 18434077652512933130, 18433796173241779466, 18433796173242303754, 18433514698266117386, 18433514698266641674, 18433233223290455306, 18433233223290979594, 18432951748314793226, 18432951748315317514, 18432670273339131146, 18432670269044688138, 18432388794068501770, 18432388794069026058, 18432107319092839690, 18432107319093363978, 18431825844117177610, 18431825844117701898, 18431544369141515530, 18431544369142039818, 18431262894165853450
 HCalBarrelCollection.energy = 0.000528, 0.000492, 0.001441, 0.000800, 0.001086, 0.000539, 0.000612, 0.000556, 0.000501, 0.000576, 0.000734, 0.000797, 0.000540, 0.001360, 0.000510, 0.000561, 0.000566, 0.000792, 0.000494, 0.000533
 HCalBarrelCollection.position.x = 1496.288330, 1535.519165, 1548.769165, 1562.019165, 1575.269165, 1588.519165, 1601.769165, 1615.019165, 1628.269165, 1641.519165, 1680.749878, 1693.999878, 1707.249878, 1720.499878, 1733.749878, 1746.999878, 1760.249878, 1773.499878, 1786.749878, 1799.999878
 HCalBarrelCollection.position.y = 1931.647461, 1939.597168, 1962.546875, 1985.496582, 2008.446167, 2031.395874, 2054.345459, 2077.295166, 2100.244873, 2123.194580, 2131.144287, 2154.093994, 2177.043701, 2199.993164, 2222.942871, 2245.892578, 2268.842285, 2291.791992, 2314.741699, 2337.691406
 HCalBarrelCollection.position.z = -1380.000000, -1410.000000, -1410.000000, -1440.000000, -1440.000000, -1470.000000, -1470.000000, -1500.000000, -1500.000000, -1530.000000, -1530.000000, -1560.000000, -1560.000000, -1590.000000, -1590.000000, -1620.000000, -1620.000000, -1650.000000, -1650.000000, -1680.000000
 HCalBarrelCollection.contributions_begin = 0, 1, 2, 5, 6, 10, 11, 12, 13, 14, 15, 16, 17, 18, 21, 22, 23, 24, 25, 26
 HCalBarrelCollection.contributions_end = 1, 2, 5, 6, 10, 11, 12, 13, 14, 15, 16, 17, 18, 21, 22, 23, 24, 25, 26, 27
 HCalBarrelCollection#0 = (vector<podio::ObjectID>*)0x55e04b0
 HCalBarrelCollection#0.index = 0, 1, 2, 3, 4, 5, 6, 7, 8, 9, 10, 11, 12, 13, 14, 15, 16, 17, 18, 19
 HCalBarrelCollection#0.collectionID = 16, 16, 16, 16, 16, 16, 16, 16, 16, 16, 16, 16, 16, 16, 16, 16, 16, 16, 16, 16
 HCalBarrelCollectionContributions = (vector<edm4hep::CaloHitContributionData>*)0x3a14ef0
 HCalBarrelCollectionContributions.PDG = 13, 13, 13, 13, 11, 13, 13, 13, 11, 11, 13, 13, 13, 13, 13, 13, 13, 13, 13, 11
 HCalBarrelCollectionContributions.energy = 0.000528, 0.000492, 0.000852, 0.000250, 0.000339, 0.000800, 0.000459, 0.000242, 0.000323, 0.000062, 0.000539, 0.000612, 0.000556, 0.000501, 0.000576, 0.000734, 0.000797, 0.000540, 0.000599, 0.000703
 HCalBarrelCollectionContributions.time = 9.378901, 9.481277, 9.578452, 9.583633, 9.580894, 9.685960, 9.783266, 9.788306, 9.786149, 9.786407, 9.890639, 9.992935, 10.095208, 10.197465, 10.299693, 10.401905, 10.504068, 10.606193, 10.708286, 10.706266
 HCalBarrelCollectionContributions.stepPosition.x = 1508.776123, 1524.803955, 1540.408936, 1541.315674, 1540.737305, 1556.828003, 1572.427979, 1573.332275, 1572.915039, 1572.902588, 1588.787476, 1604.734985, 1620.679810, 1636.610962, 1652.528198, 1668.427490, 1684.315186, 1700.187500, 1716.034180, 1715.969971
 HCalBarrelCollectionContributions.stepPosition.y = 1924.437622, 1945.783569, 1966.598877, 1967.807495, 1967.400024, 1988.493652, 2009.333008, 2010.542969, 2010.039185, 2010.073608, 2031.240967, 2052.633301, 2074.027100, 2095.428711, 2116.838379, 2138.258545, 2159.685303, 2181.121094, 2202.571533, 2202.424072
 HCalBarrelCollectionContributions.stepPosition.z = -1383.979980, -1399.128296, -1413.885986, -1414.741577, -1414.550781, -1429.388184, -1444.152588, -1445.009521, -1444.990356, -1445.349609, -1459.662354, -1474.781006, -1489.886108, -1504.984253, -1520.068237, -1535.147705, -1550.200073, -1565.231689, -1580.251831, -1579.097046
 HCalBarrelCollectionContributions#0 = (vector<podio::ObjectID>*)0x4326620
 HCalBarrelCollectionContributions#0.index = 11, 11, 11, 11, 11, 11, 11, 11, 11, 11, 11, 11, 11, 11, 11, 11, 11, 11, 11, 11
 HCalBarrelCollectionContributions#0.collectionID = 1, 1, 1, 1, 1, 1, 1, 1, 1, 1, 1, 1, 1, 1, 1, 1, 1, 1, 1, 1
 YokeBarrelCollection = (vector<edm4hep::SimCalorimeterHitData>*)0x5135680
 YokeBarrelCollection.cellID = 18423100094062133261, 18421974194155290765, 18420848289953480973, 18419722385751671181, 18418596481549861389, 18417470581643018893, 18416063202464498445, 18421692719178580109, 18421411244201869453, 18421974189860323469, 18421974185565356173, 18421692710588645517, 18421411231316967565, 18422255660542066829, 25051165553328141, 26177061165203597, 27584427458822413, 28710323070697869, 29836218682573325, 30962109999481485
 YokeBarrelCollection.energy = 0.000004, 0.000023, 0.000001, 0.000001, 0.000001, 0.000001, 0.000001, 0.000022, 0.000009, 0.000001, 0.000002, 0.000003, 0.000016, 0.000001, 0.000001, 0.000003, 0.000001, 0.000001, 0.000001, 0.000000
 YokeBarrelCollection.position.x = 2736.884521, 2845.384521, 2979.865234, 3114.345947, 3248.826660, 3357.326660, 3491.807617, 2845.384521, 2845.384521, 2871.365234, 2897.345947, 2897.345947, 2923.326660, 2897.345947, -2892.769043, -3027.249756, -3187.711426, -3322.192139, -3456.672852, -3617.134277
 YokeBarrelCollection.position.y = 3600.423096, 3788.350586, 3961.278076, 4134.205566, 4307.132812, 4495.060547, 4667.988281, 3788.350586, 3788.350586, 3773.350586, 3758.350586, 3758.350586, 3743.350586, 3758.350586, -3510.423096, -3683.350586, -3841.278076, -4014.205566, -4187.132812, -4345.060547
 YokeBarrelCollection.position.z = -2550.000000, -2670.000000, -2790.000000, -2910.000000, -3030.000000, -3150.000000, -3300.000000, -2700.000000, -2730.000000, -2670.000000, -2670.000000, -2700.000000, -2730.000000, -2640.000000, 2640.000000, 2760.000000, 2910.000000, 3030.000000, 3150.000000, 3270.000000
 YokeBarrelCollection.contributions_begin = 0, 1, 15, 16, 17, 18, 19, 20, 27, 35, 36, 38, 39, 43, 44, 45, 46, 47, 48, 49
 YokeBarrelCollection.contributions_end = 1, 15, 16, 17, 18, 19, 20, 27, 35, 36, 38, 39, 43, 44, 45, 46, 47, 48, 49, 50
 YokeBarrelCollection#0 = (vector<podio::ObjectID>*)0x40c86d0
 YokeBarrelCollection#0.index = 0, 1, 2, 3, 4, 5, 6, 7, 8, 9, 10, 11, 12, 13, 14, 15, 16, 17, 18, 19
 YokeBarrelCollection#0.collectionID = 22, 22, 22, 22, 22, 22, 22, 22, 22, 22, 22, 22, 22, 22, 22, 22, 22, 22, 22, 22
 YokeBarrelCollectionContributions = (vector<edm4hep::CaloHitContributionData>*)0xa2f26b0
 YokeBarrelCollectionContributions.PDG = 13, 13, 11, -11, -11, 11, 11, -11, 11, 11, -11, -11, 11, -11, 11, 13, 13, 13, 13, 13
 YokeBarrelCollectionContributions.energy = 0.000004, 0.000002, 0.000007, 0.000001, 0.000002, 0.000001, 0.000001, 0.000002, 0.000001, 0.000003, 0.000000, 0.000000, 0.000001, 0.000000, 0.000002, 0.000001, 0.000001, 0.000001, 0.000001, 0.000001
 YokeBarrelCollectionContributions.time = 17.325161, 18.158903, 18.205605, 18.157207, 18.162477, 18.157640, 18.155773, 18.162943, 18.154129, 18.158464, 18.153494, 18.157341, 18.154026, 18.160713, 18.162069, 18.992498, 19.826193, 20.660006, 21.493765, 22.328480
 YokeBarrelCollectionContributions.stepPosition.x = 2726.198975, 2853.282715, 2851.990723, 2857.880127, 2855.385010, 2856.043701, 2847.663330, 2850.208496, 2855.418457, 2855.917236, 2853.978760, 2854.629395, 2854.271729, 2853.860840, 2852.844727, 2980.607910, 3108.183105, 3235.978027, 3364.047852, 3492.749268
 YokeBarrelCollectionContributions.stepPosition.y = 3606.592285, 3783.790527, 3783.381592, 3781.135986, 3782.576660, 3782.196289, 3787.034912, 3785.565430, 3782.557373, 3781.114746, 3782.749512, 3783.528564, 3783.093994, 3783.456787, 3784.043457, 3960.849121, 4137.763672, 4314.551270, 4491.180176, 4667.444336
 YokeBarrelCollectionContributions.stepPosition.z = -2552.628906, -2674.797363, -2681.527344, -2670.053223, -2676.047607, -2672.584229, -2669.844971, -2657.172607, -2669.658447, -2669.240234, -2673.038086, -2673.274658, -2673.148682, -2675.775391, -2676.429443, -2796.825439, -2918.862061, -3040.926270, -3162.894775, -3285.319092
 YokeBarrelCollectionContributions#0 = (vector<podio::ObjectID>*)0x8cdcee0
 YokeBarrelCollectionContributions#0.index = 11, 11, 11, 11, 11, 11, 11, 11, 11, 11, 11, 11, 11, 11, 11, 11, 11, 11, 11, 11
 YokeBarrelCollectionContributions#0.collectionID = 1, 1, 1, 1, 1, 1, 1, 1, 1, 1, 1, 1, 1, 1, 1, 1, 1, 1, 1, 1
 BuildUpVertices_0 = (vector<float>*)0x39fdc40
 ParticleID_EXT  = (vector<edm4hep::ParticleIDData>*)0x8e0bbc0
 ParticleID_EXT.type = 42, 42, 42, 42, 42, 42, 42, 42
 ParticleID_EXT.PDG = 9999, 9999, 9999, 9999, 9999, 9999, 9999, 9999
 ParticleID_EXT.algorithmType = 0, 0, 0, 0, 0, 0, 0, 0
 ParticleID_EXT.likelihood = 0.000000, 0.000000, 0.000000, 0.000000, 0.000000, 0.000000, 0.000000, 0.000000
 ParticleID_EXT.parameters_begin = 0, 10, 20, 30, 40, 50, 60, 70
 ParticleID_EXT.parameters_end = 10, 20, 30, 40, 50, 60, 70, 80
 ParticleID_EXT_0 = (vector<float>*)0x26f2bf0
 Vertex_EXT_0    = (vector<float>*)0x53a8ad0
 BuildUpVertices_V0_0 = (vector<float>*)0x5279690
 CalohitMCTruthLink = (vector<edm4hep::MCRecoCaloParticleAssociationData>*)0x62567f0
 CalohitMCTruthLink.weight = 0.012384, 0.014068, 0.012793, 0.011525, 0.013247, 0.016877, 0.018329, 0.002653, 0.003384, 0.004314, 0.007809, 0.003935, 0.002888, 0.004243, 0.003360, 0.010630, 0.007797, 0.003219, 0.004390, 0.003372
 CalohitMCTruthLink#0 = (vector<podio::ObjectID>*)0x75b5c20
 CalohitMCTruthLink#0.index = -2, -2, -2, -2, -2, -2, -2, -2, -2, -2, -2, -2, -2, -2, -2, -2, -2, -2, -2, -2
 CalohitMCTruthLink#0.collectionID = -2, -2, -2, -2, -2, -2, -2, -2, -2, -2, -2, -2, -2, -2, -2, -2, -2, -2, -2, -2
 CalohitMCTruthLink#1 = (vector<podio::ObjectID>*)0x6a3fb10
 CalohitMCTruthLink#1.index = -2, -2, -2, -2, -2, -2, -2, -2, -2, -2, -2, -2, -2, -2, -2, -2, -2, -2, -2, -2
 CalohitMCTruthLink#1.collectionID = -2, -2, -2, -2, -2, -2, -2, -2, -2, -2, -2, -2, -2, -2, -2, -2, -2, -2, -2, -2
 ECALBarrel      = (vector<edm4hep::CalorimeterHitData>*)0x68b38a0
 ECALBarrel.cellID = 18379189817305990420, 18378908342329804052, 18378908342330328340, 18378626867354141972, 18378345392377955604, 18378345388083512596, 18378063913107326228, 18378063913107850516, 18377782438131664148, 18377782438132188436, 18377500963156002068, 18377500963156526356, 18377219488180339988, 18376938008909186324, 18376938008909710612, 18376656533933524244, 18376656533934048532, 18376375058957862164, 18376375058958386452, 18376093583982200084
 ECALBarrel.energy = 0.010184, 0.015665, 0.006856, 0.006629, 0.006545, 0.006301, 0.015619, 0.007871, 0.007744, 0.005305, 0.006768, 0.005777, 0.008487, 0.007021, 0.006550, 0.019062, 0.008869, 0.005689, 0.007628, 0.011206
 ECALBarrel.energyError = 0.000000, 0.000000, 0.000000, 0.000000, 0.000000, 0.000000, 0.000000, 0.000000, 0.000000, 0.000000, 0.000000, 0.000000, 0.000000, 0.000000, 0.000000, 0.000000, 0.000000, 0.000000, 0.000000, 0.000000
 ECALBarrel.time = 0.109167, 0.105810, 0.110820, 0.107467, 0.104109, 0.107022, 0.103681, 0.108709, 0.105364, 0.110388, 0.107040, 0.112060, 0.108710, 0.103250, 0.108274, 0.104921, 0.108044, 0.106597, 0.111618, 0.108265
 ECALBarrel.position.x = 1345.620483, 1348.145508, 1350.670532, 1353.195557, 1355.720459, 1362.662231, 1365.187256, 1367.712280, 1370.237183, 1372.762207, 1375.287231, 1377.812256, 1380.337280, 1387.278931, 1389.803955, 1392.328979, 1394.854004, 1397.378906, 1399.903931, 1402.428955
 ECALBarrel.position.y = 1708.483032, 1712.856567, 1717.229980, 1721.603394, 1725.976807, 1727.800171, 1732.173706, 1736.547119, 1740.920532, 1745.293945, 1749.667358, 1754.040771, 1758.414185, 1760.237671, 1764.611084, 1768.984497, 1773.357910, 1777.731323, 1782.104736, 1786.478271
 ECALBarrel.position.z = -1229.099976, -1234.199951, -1234.199951, -1239.300049, -1244.400024, -1244.400024, -1249.500000, -1249.500000, -1254.599976, -1254.599976, -1259.699951, -1259.699951, -1264.800049, -1269.900024, -1269.900024, -1275.000000, -1275.000000, -1280.099976, -1280.099976, -1285.199951
 ECALBarrel.type = 1010, 11010, 21010, 31010, 41010, 51010, 61010, 71010, 81010, 91010, 101010, 111010, 121010, 131010, 141010, 151010, 161010, 171010, 181010, 191010
 HCALBarrel      = (vector<edm4hep::CalorimeterHitData>*)0x7353ac0
 HCALBarrel.cellID = 18434077652512933130, 18433796173241779466, 18433796173242303754, 18433514698266117386, 18433514698266641674, 18433233223290455306, 18433233223290979594, 18432951748314793226, 18432951748315317514, 18432670273339131146, 18432670269044688138, 18432388794068501770, 18432388794069026058, 18432107319092839690, 18432107319093363978, 18431825844117177610, 18431825844117701898, 18431544369141515530, 18431544369142039818, 18431262894165853450
 HCALBarrel.energy = 0.024305, 0.022613, 0.066276, 0.036807, 0.049954, 0.024769, 0.028136, 0.025586, 0.023051, 0.026494, 0.033755, 0.036658, 0.024856, 0.062554, 0.023438, 0.025804, 0.026034, 0.036415, 0.022745, 0.024513
 HCALBarrel.energyError = 0.000000, 0.000000, 0.000000, 0.000000, 0.000000, 0.000000, 0.000000, 0.000000, 0.000000, 0.000000, 0.000000, 0.000000, 0.000000, 0.000000, 0.000000, 0.000000, 0.000000, 0.000000, 0.000000, 0.000000
 HCALBarrel.time = 0.125030, 0.089786, 0.110929, 0.093064, 0.114308, 0.096274, 0.122479, 0.099312, 0.125451, 0.102207, 0.116234, 0.093040, 0.119081, 0.093766, 0.121747, 0.098394, 0.124308, 0.100897, 0.126820, 0.103417
 HCALBarrel.position.x = 1496.288330, 1535.519165, 1548.769165, 1562.019165, 1575.269165, 1588.519165, 1601.769165, 1615.019165, 1628.269165, 1641.519165, 1680.749878, 1693.999878, 1707.249878, 1720.499878, 1733.749878, 1746.999878, 1760.249878, 1773.499878, 1786.749878, 1799.999878
 HCALBarrel.position.y = 1931.647461, 1939.597168, 1962.546875, 1985.496582, 2008.446167, 2031.395874, 2054.345459, 2077.295166, 2100.244873, 2123.194580, 2131.144287, 2154.093994, 2177.043701, 2199.993164, 2222.942871, 2245.892578, 2268.842285, 2291.791992, 2314.741699, 2337.691406
 HCALBarrel.position.z = -1380.000000, -1410.000000, -1410.000000, -1440.000000, -1440.000000, -1470.000000, -1470.000000, -1500.000000, -1500.000000, -1530.000000, -1530.000000, -1560.000000, -1560.000000, -1590.000000, -1590.000000, -1620.000000, -1620.000000, -1650.000000, -1650.000000, -1680.000000
 HCALBarrel.type = 1021, 11021, 21021, 31021, 41021, 51021, 61021, 71021, 81021, 91021, 101021, 111021, 121021, 131021, 141021, 151021, 161021, 171021, 181021, 191021
 ITrackerHits    = (vector<edm4hep::TrackerHitPlaneData>*)0x5ef6540
 ITrackerHits.cellID = 218136579, 134316163, 167936259, 117547139, 100761731, 100769923, 100761731, 100769923, 100761731, 100761731, 100761731, 302137347, 386326659, 587956483
 ITrackerHits.type = 0, 0, 0, 0, 0, 0, 0, 0, 0, 0, 0, 0, 0, 0
 ITrackerHits.quality = 0, 0, 0, 0, 0, 0, 0, 0, 0, 0, 0, 0, 0, 0
 ITrackerHits.time = 0.486800, 1.533174, 2.567839, 1.656454, 1.761960, 1.847596, 1.919290, 1.981783, 2.028446, 2.056521, 2.085790, 0.489413, 1.551630, 2.581798
 ITrackerHits.eDep = 0.000023, 0.000036, 0.000031, 0.000043, 0.000028, 0.000051, 0.000029, 0.000031, 0.000070, 0.000026, 0.000038, 0.000031, 0.000026, 0.000044
 ITrackerHits.eDepError = 0.000000, 0.000000, 0.000000, 0.000000, 0.000000, 0.000000, 0.000000, 0.000000, 0.000000, 0.000000, 0.000000, 0.000000, 0.000000, 0.000000
 ITrackerHits.u.a = 1.570796, 1.570796, 1.570796, 1.570796, 1.570796, 1.570796, 1.570796, 1.570796, 1.570796, 1.570796, 1.570796, 1.570796, 1.570796, 1.570796
 ITrackerHits.u.b = -0.673198, -0.694073, -0.685841, -0.621013, -0.694073, -0.621013, -0.694073, -0.621013, -0.694073, -0.694073, -0.694073, 2.468394, 2.447520, 2.500000
 ITrackerHits.v.a = 3.141593, 3.141593, 3.141593, 3.141593, 3.141593, 3.141593, 3.141593, 3.141593, 3.141593, 3.141593, 3.141593, 3.141593, 3.141593, 3.141593
 ITrackerHits.v.b = 1.570796, 1.570796, 1.570796, 1.570796, 1.570796, 1.570796, 1.570796, 1.570796, 1.570796, 1.570796, 1.570796, 2.984937, 2.961841, 3.019291
 ITrackerHits.du = 0.007000, 0.007000, 0.007000, 0.007000, 0.007000, 0.007000, 0.007000, 0.007000, 0.007000, 0.007000, 0.007000, 0.007000, 0.007000, 0.007000
 ITrackerHits.dv = 0.090000, 0.090000, 0.090000, 0.090000, 0.090000, 0.090000, 0.090000, 0.090000, 0.090000, 0.090000, 0.090000, 0.090000, 0.090000, 0.090000
 ITrackerHits.position.x = 80.1006, 251.694, 420.497, 243.21, 254.171, 242.972, 250.782, 244.97, 249.641, 244.767, 248.439, -77.6148, -246.773, -411.706
 ITrackerHits.position.y = 98.5207, 310.892, 521.597, 320.863, 308.831, 321.034, 311.651, 319.604, 312.601, 316.658, 313.601, -100.503, -318.24, -528.712
 ITrackerHits.position.z = -71.8275, -226.399, -379.155, -254.351, -271.063, -278.918, -290.112, -293.945, -296.394, -296.386, -297.613, 73.3075, 232.729, 387.187
 ITrackerHits.covMatrix[6] = 0.000000 , 0.000000 , 0.000000 , 0.000000 , 0.000000 , 
                    0.000000 
, 0.000000 , 0.000000 , 0.000000 , 0.000000 , 0.000000 , 
                    0.000000 
, 0.000000 , 0.000000 , 0.000000 , 0.000000 , 0.000000 , 
                    0.000000 
, 0.000000 , 0.000000 , 0.000000 , 0.000000 , 0.000000 , 
                    0.000000 
, 0.000000 , 0.000000 , 0.000000 , 0.000000 , 0.000000 , 
                    0.000000 
, 0.000000 , 0.000000 , 0.000000 , 0.000000 , 0.000000 , 
                    0.000000 
, 0.000000 , 0.000000 , 0.000000 , 0.000000 , 0.000000 , 
                    0.000000 
, 0.000000 , 0.000000 , 0.000000 , 0.000000 , 0.000000 , 
                    0.000000 
, 0.000000 , 0.000000 , 0.000000 , 0.000000 , 0.000000 , 
                    0.000000 
, 0.000000 , 0.000000 , 0.000000 , 0.000000 , 0.000000 , 
                    0.000000 
, 0.000000 , 0.000000 , 0.000000 , 0.000000 , 0.000000 , 
                    0.000000 
, 0.000000 , 0.000000 , 0.000000 , 0.000000 , 0.000000 , 
                    0.000000 
, 0.000000 , 0.000000 , 0.000000 , 0.000000 , 0.000000 , 
                    0.000000 
, 0.000000 , 0.000000 , 0.000000 , 0.000000 , 0.000000 , 
                    0.000000 

 ITrackerHits.rawHits_begin = 0, 0, 0, 0, 0, 0, 0, 0, 0, 0, 0, 0, 0, 0
 ITrackerHits.rawHits_end = 0, 0, 0, 0, 0, 0, 0, 0, 0, 0, 0, 0, 0, 0
 LooseSelectedPandoraPFOs = (vector<edm4hep::ReconstructedParticleData>*)0x6cb0160
 LooseSelectedPandoraPFOs.type = 13, -13
 LooseSelectedPandoraPFOs.energy = 45.880974, 45.145618
 LooseSelectedPandoraPFOs.momentum.x = 25.221233, -23.858480
 LooseSelectedPandoraPFOs.momentum.y = 30.962576, -30.962042
 LooseSelectedPandoraPFOs.momentum.z = -22.588951, 22.588509
 LooseSelectedPandoraPFOs.referencePoint.x = 22.546011, -21.721664
 LooseSelectedPandoraPFOs.referencePoint.y = 27.697796, -28.173733
 LooseSelectedPandoraPFOs.referencePoint.z = -20.203285, 20.559772
 LooseSelectedPandoraPFOs.charge = -1.000000, 1.000000
 LooseSelectedPandoraPFOs.mass = 0.105658, 0.105658
 LooseSelectedPandoraPFOs.goodnessOfPID = 0.000000, 0.000000
 LooseSelectedPandoraPFOs.covMatrix[10] = 0.000000 , 0.000000 , 0.000000 , 0.000000 , 0.000000 , 
                    0.000000 , 0.000000 , 0.000000 , 0.000000 , 0.000000 
, 0.000000 , 0.000000 , 0.000000 , 0.000000 , 0.000000 , 
                    0.000000 , 0.000000 , 0.000000 , 0.000000 , 0.000000 

 LooseSelectedPandoraPFOs.clusters_begin = 0, 0
 LooseSelectedPandoraPFOs.clusters_end = 0, 0
 LooseSelectedPandoraPFOs.tracks_begin = 0, 0
 LooseSelectedPandoraPFOs.tracks_end = 0, 0
 LooseSelectedPandoraPFOs.particles_begin = 0, 0
 LooseSelectedPandoraPFOs.particles_end = 0, 0
 LooseSelectedPandoraPFOs.particleIDs_begin = 0, 0
 LooseSelectedPandoraPFOs.particleIDs_end = 0, 0
 LooseSelectedPandoraPFOs#4 = (vector<podio::ObjectID>*)0x3183d20
 LooseSelectedPandoraPFOs#4.index = -2, -2
 LooseSelectedPandoraPFOs#4.collectionID = -2, -2
 LooseSelectedPandoraPFOs#5 = (vector<podio::ObjectID>*)0x38c5f80
 LooseSelectedPandoraPFOs#5.index = -2, -2
 LooseSelectedPandoraPFOs#5.collectionID = -2, -2
 MCParticlesSkimmed = (vector<edm4hep::MCParticleData>*)0x7e58e60
 MCParticlesSkimmed.PDG = -11, -11, 11, 11, 23, -13, 13, -13, 22, 13, -13, 13, 22
 MCParticlesSkimmed.generatorStatus = 4, 21, 4, 21, 22, 23, 23, 51, 1, 52, 1, 1, 1
 MCParticlesSkimmed.simulatorStatus = -2147483648, -2147483648, -2147483648, -2147483648, -2147483648, -2147483648, -2147483648, -2147483648, -2130706432, -2147483648, -2113929216, -2113929216, -2130706432
 MCParticlesSkimmed.charge = 1.000000, 1.000000, -1.000000, -1.000000, 0.000000, 1.000000, -1.000000, 1.000000, 0.000000, -1.000000, 1.000000, -1.000000, 0.000000
 MCParticlesSkimmed.time = 0.000000, 0.000000, 0.000000, 0.000000, 0.000000, 0.000000, 0.000000, 0.000000, 0.000000, 0.000000, 0.000000, 0.000000, 0.000000
 MCParticlesSkimmed.mass = 0.000511, 0, 0.000511, 0, 91, 0.10566, 0.10566, 0.10566, 0, 0.10566, 0.10566, 0.10566, 0
 MCParticlesSkimmed.vertex.x = 0, 0, 0, 0, 0, 0, 0, 0, 0, 0, 0, 0, 0
 MCParticlesSkimmed.vertex.y = 0, 0, 0, 0, 0, 0, 0, 0, 0, 0, 0, 0, 0
 MCParticlesSkimmed.vertex.z = 0, 0, 0, 0, 0, 0, 0, 0, 0, 0, 0, 0, 0
 MCParticlesSkimmed.endpoint.x = 0, 0, 0, 0, 0, 0, 0, 0, -1250.53, 0, -5079.13, 4546.13, 1447
 MCParticlesSkimmed.endpoint.y = 0, 0, 0, 0, 0, 0, 0, 0, -1762.62, 0, -6100, 6100, 1658.93
 MCParticlesSkimmed.endpoint.z = 0, 0, 0, 0, 0, 0, 0, 0, 1195.75, 0, 4608.16, -4284.14, -1252.86
 MCParticlesSkimmed.momentum.x = 0.682551, 0.682551, 0.682551, 0.682551, 1.365102, -23.853565, 25.218668, -23.842268, -0.011292, 25.218662, -23.842268, 25.218393, 0.000269
 MCParticlesSkimmed.momentum.y = 0.000000, 0.000000, 0.000000, 0.000000, 0.000000, -30.955738, 30.955738, -30.939816, -0.015917, 30.955732, -30.939816, 30.955423, 0.000310
 MCParticlesSkimmed.momentum.z = 45.500000, 45.500000, -45.500000, -45.500000, 0.000000, 22.585295, -22.585295, 22.574492, 0.010798, -22.585289, 22.574492, -22.585056, -0.000234
 MCParticlesSkimmed.momentumAtEndpoint.x = 0.000000, 0.000000, 0.000000, 0.000000, 0.000000, 0.000000, 0.000000, 0.000000, -0.000000, 0.000000, -22.876488, 20.304991, 0.000000
 MCParticlesSkimmed.momentumAtEndpoint.y = 0.000000, 0.000000, 0.000000, 0.000000, 0.000000, 0.000000, 0.000000, 0.000000, -0.000000, 0.000000, -27.304279, 27.603289, 0.000000
 MCParticlesSkimmed.momentumAtEndpoint.z = 0.000000, 0.000000, 0.000000, 0.000000, 0.000000, 0.000000, 0.000000, 0.000000, 0.000000, 0.000000, 20.693527, -19.254663, -0.000000
 MCParticlesSkimmed.spin.x = 0.000000, 0.000000, 0.000000, 0.000000, 0.000000, 0.000000, 0.000000, 0.000000, 0.000000, 0.000000, 0.000000, 0.000000, 0.000000
 MCParticlesSkimmed.spin.y = 0.000000, 0.000000, 0.000000, 0.000000, 0.000000, 0.000000, 0.000000, 0.000000, 0.000000, 0.000000, 0.000000, 0.000000, 0.000000
 MCParticlesSkimmed.spin.z = 0.000000, 0.000000, 0.000000, 0.000000, 0.000000, 0.000000, 0.000000, 0.000000, 0.000000, 0.000000, 0.000000, 0.000000, 0.000000
 MCParticlesSkimmed.colorFlow.a = 0, 0, 0, 0, 0, 0, 0, 0, 0, 0, 0, 0, 0
 MCParticlesSkimmed.colorFlow.b = 0, 0, 0, 0, 0, 0, 0, 0, 0, 0, 0, 0, 0
 MCParticlesSkimmed.parents_begin = 0, 0, 1, 1, 2, 4, 5, 6, 7, 8, 9, 10, 11
 MCParticlesSkimmed.parents_end = 0, 1, 1, 2, 4, 5, 6, 7, 8, 9, 10, 11, 12
 MCParticlesSkimmed.daughters_begin = 0, 1, 2, 3, 4, 6, 8, 9, 10, 10, 12, 12, 12
 MCParticlesSkimmed.daughters_end = 1, 2, 3, 4, 6, 8, 9, 10, 10, 12, 12, 12, 12
 MCParticlesSkimmed#0 = (vector<podio::ObjectID>*)0x6128cf0
 MCParticlesSkimmed#0.index = 0, 2, 1, 3, 4, 4, 5, 5, 6, 7, 9, 9
 MCParticlesSkimmed#0.collectionID = 41, 41, 41, 41, 41, 41, 41, 41, 41, 41, 41, 41
 MCParticlesSkimmed#1 = (vector<podio::ObjectID>*)0x717bb60
 MCParticlesSkimmed#1.index = 1, 4, 3, 4, 5, 6, 7, 8, 9, 10, 11, 12
 MCParticlesSkimmed#1.collectionID = 41, 41, 41, 41, 41, 41, 41, 41, 41, 41, 41, 41
 MCPhysicsParticles = (vector<edm4hep::MCParticleData>*)0x7b74e20
 MCPhysicsParticles.PDG = -11, -11, 11, 11, 23, -13, 13, -13, 22, 13, -13, 13, 22, 11, 11
 MCPhysicsParticles.generatorStatus = 4, 21, 4, 21, 22, 23, 23, 51, 1, 52, 1, 1, 1, 0, 0
 MCPhysicsParticles.simulatorStatus = -2147483648, -2147483648, -2147483648, -2147483648, -2147483648, -2147483648, -2147483648, -2147483648, -2130706432, -2147483648, -2113929216, -2113929216, -2130706432, -654311424, -654311424
 MCPhysicsParticles.charge = 1.000000, 1.000000, -1.000000, -1.000000, 0.000000, 1.000000, -1.000000, 1.000000, 0.000000, -1.000000, 1.000000, -1.000000, 0.000000, -1.000000, -1.000000
 MCPhysicsParticles.time = 0.000000, 0.000000, 0.000000, 0.000000, 0.000000, 0.000000, 0.000000, 0.000000, 0.000000, 0.000000, 0.000000, 0.000000, 0.000000, 1.534155, 6.003420
 MCPhysicsParticles.mass = 0.000511, 0, 0.000511, 0, 91, 0.10566, 0.10566, 0.10566, 0, 0.10566, 0.10566, 0.10566, 0, 0.000510999, 0.000510999
 MCPhysicsParticles.vertex.x = 0, 0, 0, 0, 0, 0, 0, 0, 0, 0, 0, 0, 0, 251.884, 974.815
 MCPhysicsParticles.vertex.y = 0, 0, 0, 0, 0, 0, 0, 0, 0, 0, 0, 0, 0, 311.133, 1226.16
 MCPhysicsParticles.vertex.z = 0, 0, 0, 0, 0, 0, 0, 0, 0, 0, 0, 0, 0, -226.458, -886.196
 MCPhysicsParticles.endpoint.x = 0, 0, 0, 0, 0, 0, 0, 0, -1250.53, 0, -5079.13, 4546.13, 1447, 248.467, 974.293
 MCPhysicsParticles.endpoint.y = 0, 0, 0, 0, 0, 0, 0, 0, -1762.62, 0, -6100, 6100, 1658.93, 313.779, 1225.47
 MCPhysicsParticles.endpoint.z = 0, 0, 0, 0, 0, 0, 0, 0, 1195.75, 0, 4608.16, -4284.14, -1252.86, -301.271, -890.234
 MCPhysicsParticles.momentum.x = 0.682551, 0.682551, 0.682551, 0.682551, 1.365102, -23.853565, 25.218668, -23.842268, -0.011292, 25.218662, -23.842268, 25.218393, 0.000269, 0.003962, -0.000292
 MCPhysicsParticles.momentum.y = 0.000000, 0.000000, 0.000000, 0.000000, 0.000000, -30.955738, 30.955738, -30.939816, -0.015917, 30.955732, -30.939816, 30.955423, 0.000310, 0.002637, 0.001351
 MCPhysicsParticles.momentum.z = 45.500000, 45.500000, -45.500000, -45.500000, 0.000000, 22.585295, -22.585295, 22.574492, 0.010798, -22.585289, 22.574492, -22.585056, -0.000234, -0.005004, -0.000913
 MCPhysicsParticles.momentumAtEndpoint.x = 0.000000, 0.000000, 0.000000, 0.000000, 0.000000, 0.000000, 0.000000, 0.000000, -0.000000, 0.000000, -22.876488, 20.304991, 0.000000, 0.000000, -0.000000
 MCPhysicsParticles.momentumAtEndpoint.y = 0.000000, 0.000000, 0.000000, 0.000000, 0.000000, 0.000000, 0.000000, 0.000000, -0.000000, 0.000000, -27.304279, 27.603289, 0.000000, 0.000000, 0.000000
 MCPhysicsParticles.momentumAtEndpoint.z = 0.000000, 0.000000, 0.000000, 0.000000, 0.000000, 0.000000, 0.000000, 0.000000, 0.000000, 0.000000, 20.693527, -19.254663, -0.000000, 0.000000, 0.000000
 MCPhysicsParticles.spin.x = 0.000000, 0.000000, 0.000000, 0.000000, 0.000000, 0.000000, 0.000000, 0.000000, 0.000000, 0.000000, 0.000000, 0.000000, 0.000000, 0.000000, 0.000000
 MCPhysicsParticles.spin.y = 0.000000, 0.000000, 0.000000, 0.000000, 0.000000, 0.000000, 0.000000, 0.000000, 0.000000, 0.000000, 0.000000, 0.000000, 0.000000, 0.000000, 0.000000
 MCPhysicsParticles.spin.z = 0.000000, 0.000000, 0.000000, 0.000000, 0.000000, 0.000000, 0.000000, 0.000000, 0.000000, 0.000000, 0.000000, 0.000000, 0.000000, 0.000000, 0.000000
 MCPhysicsParticles.colorFlow.a = 0, 0, 0, 0, 0, 0, 0, 0, 0, 0, 0, 0, 0, 0, 0
 MCPhysicsParticles.colorFlow.b = 0, 0, 0, 0, 0, 0, 0, 0, 0, 0, 0, 0, 0, 0, 0
 MCPhysicsParticles.parents_begin = 0, 0, 1, 1, 2, 4, 5, 6, 7, 8, 9, 10, 11, 12, 13
 MCPhysicsParticles.parents_end = 0, 1, 1, 2, 4, 5, 6, 7, 8, 9, 10, 11, 12, 13, 14
 MCPhysicsParticles.daughters_begin = 0, 1, 2, 3, 4, 6, 8, 9, 10, 10, 12, 12, 14, 14, 14
 MCPhysicsParticles.daughters_end = 1, 2, 3, 4, 6, 8, 9, 10, 10, 12, 12, 14, 14, 14, 14
 MCPhysicsParticles#0 = (vector<podio::ObjectID>*)0x9d417a0
 MCPhysicsParticles#0.index = 0, 2, 1, 3, 4, 4, 5, 5, 6, 7, 9, 9, 11, 11
 MCPhysicsParticles#0.collectionID = 42, 42, 42, 42, 42, 42, 42, 42, 42, 42, 42, 42, 42, 42
 MCPhysicsParticles#1 = (vector<podio::ObjectID>*)0x4cebc30
 MCPhysicsParticles#1.index = 1, 4, 3, 4, 5, 6, 7, 8, 9, 10, 11, 12, 13, 14
 MCPhysicsParticles#1.collectionID = 42, 42, 42, 42, 42, 42, 42, 42, 42, 42, 42, 42, 42, 42
 MUON            = (vector<edm4hep::CalorimeterHitData>*)0xa1a9340
 MUON.cellID     = 18423100094062133261, 18421974194155290765, 18420848289953480973, 18419722385751671181, 18418596481549861389, 18417470581643018893, 18416063202464498445, 18421692719178580109, 18421411244201869453, 18421974189860323469, 18421974185565356173, 18421692710588645517, 18421411231316967565, 18422255660542066829, 25051165553328141, 26177061165203597, 27584427458822413, 28710323070697869, 29836218682573325, 30962109999481485
 MUON.energy     = 0.000562, 0.003236, 0.000072, 0.000189, 0.000132, 0.000158, 0.000191, 0.003117, 0.001271, 0.000180, 0.000246, 0.000451, 0.002256, 0.000172, 0.000091, 0.000351, 0.000183, 0.000145, 0.000108, 0.000058
 MUON.energyError = 0.000000, 0.000000, 0.000000, 0.000000, 0.000000, 0.000000, 0.000000, 0.000000, 0.000000, 0.000000, 0.000000, 0.000000, 0.000000, 0.000000, 0.000000, 0.000000, 0.000000, 0.000000, 0.000000, 0.000000
 MUON.time       = 0.000000, 0.000000, 0.000000, 0.000000, 0.000000, 0.000000, 0.000000, 0.000000, 0.000000, 0.000000, 0.000000, 0.000000, 0.000000, 0.000000, 0.000000, 0.000000, 0.000000, 0.000000, 0.000000, 0.000000
 MUON.position.x = 2736.884521, 2845.384521, 2979.865234, 3114.345947, 3248.826660, 3357.326660, 3491.807617, 2845.384521, 2845.384521, 2871.365234, 2897.345947, 2897.345947, 2923.326660, 2897.345947, -2892.769043, -3027.249756, -3187.711426, -3322.192139, -3456.672852, -3617.134277
 MUON.position.y = 3600.423096, 3788.350586, 3961.278076, 4134.205566, 4307.132812, 4495.060547, 4667.988281, 3788.350586, 3788.350586, 3773.350586, 3758.350586, 3758.350586, 3743.350586, 3758.350586, -3510.423096, -3683.350586, -3841.278076, -4014.205566, -4187.132812, -4345.060547
 MUON.position.z = -2550.000000, -2670.000000, -2790.000000, -2910.000000, -3030.000000, -3150.000000, -3300.000000, -2700.000000, -2730.000000, -2670.000000, -2670.000000, -2700.000000, -2730.000000, -2640.000000, 2640.000000, 2760.000000, 2910.000000, 3030.000000, 3150.000000, 3270.000000
 MUON.type       = 1032, 11032, 21032, 31032, 41032, 51032, 61032, 11032, 11032, 11032, 11032, 11032, 11032, 11032, 1032, 11032, 21032, 31032, 41032, 51032
 OTrackerHits    = (vector<edm4hep::TrackerHitPlaneData>*)0x7ca7450
 OTrackerHits.cellID = 386121733, 201719941, 17309957, 201719941, 1024532485, 1209712773, 1394893061
 OTrackerHits.type = 0, 0, 0, 0, 0, 0, 0
 OTrackerHits.quality = 0, 0, 0, 0, 0, 0, 0
 OTrackerHits.time = 3.825582, 6.002757, 8.214866, 6.018960, 3.867106, 6.034105, 8.258032
 OTrackerHits.eDep = 0.000040, 0.000030, 0.000038, 0.000039, 0.000030, 0.000032, 0.000029
 OTrackerHits.eDepError = 0.000000, 0.000000, 0.000000, 0.000000, 0.000000, 0.000000, 0.000000
 OTrackerHits.u.a = 1.570796, 1.570796, 1.570796, 1.570796, 1.570796, 1.570796, 1.570796
 OTrackerHits.u.b = -0.681666, -0.662384, -0.667241, -0.662384, 2.489564, 2.479209, 2.474352
 OTrackerHits.v.a = 3.141593, 3.141593, 3.141593, 3.141593, 3.141593, 3.141593, 3.141593
 OTrackerHits.v.b = 1.570796, 1.570796, 1.570796, 1.570796, 3.008028, 2.996774, 2.991469
 OTrackerHits.du = 0.007000, 0.007000, 0.007000, 0.007000, 0.007000, 0.007000, 0.007000
 OTrackerHits.dv = 0.090000, 0.090000, 0.090000, 0.090000, 0.090000, 0.090000, 0.090000
 OTrackerHits.position.x = 624.52, 974.68, 1326.54, 971.874, -618.743, -970.774, -1335.99
 OTrackerHits.position.y = 778.657, 1225.98, 1683.52, 1228.17, -790.327, -1229.03, -1676.08
 OTrackerHits.position.z = -564.51, -886.047, -1212.74, -886.858, 580.013, 904.908, 1238.6
 OTrackerHits.covMatrix[6] = 0.000000 , 0.000000 , 0.000000 , 0.000000 , 0.000000 , 
                    0.000000 
, 0.000000 , 0.000000 , 0.000000 , 0.000000 , 0.000000 , 
                    0.000000 
, 0.000000 , 0.000000 , 0.000000 , 0.000000 , 0.000000 , 
                    0.000000 
, 0.000000 , 0.000000 , 0.000000 , 0.000000 , 0.000000 , 
                    0.000000 
, 0.000000 , 0.000000 , 0.000000 , 0.000000 , 0.000000 , 
                    0.000000 
, 0.000000 , 0.000000 , 0.000000 , 0.000000 , 0.000000 , 
                    0.000000 
, 0.000000 , 0.000000 , 0.000000 , 0.000000 , 0.000000 , 
                    0.000000 

 OTrackerHits.rawHits_begin = 0, 0, 0, 0, 0, 0, 0
 OTrackerHits.rawHits_end = 0, 0, 0, 0, 0, 0, 0
 PFOsFromJets    = (vector<edm4hep::ReconstructedParticleData>*)0x9bf12f0
 PFOsFromJets.type = 13, -13
 PFOsFromJets.energy = 45.880974, 45.145618
 PFOsFromJets.momentum.x = 25.221233, -23.858480
 PFOsFromJets.momentum.y = 30.962576, -30.962042
 PFOsFromJets.momentum.z = -22.588951, 22.588509
 PFOsFromJets.referencePoint.x = 22.546011, -21.721664
 PFOsFromJets.referencePoint.y = 27.697796, -28.173733
 PFOsFromJets.referencePoint.z = -20.203285, 20.559772
 PFOsFromJets.charge = -1.000000, 1.000000
 PFOsFromJets.mass = 0.105658, 0.105658
 PFOsFromJets.goodnessOfPID = 0.000000, 0.000000
 PFOsFromJets.covMatrix[10] = 0.000000 , 0.000000 , 0.000000 , 0.000000 , 0.000000 , 
                    0.000000 , 0.000000 , 0.000000 , 0.000000 , 0.000000 
, 0.000000 , 0.000000 , 0.000000 , 0.000000 , 0.000000 , 
                    0.000000 , 0.000000 , 0.000000 , 0.000000 , 0.000000 

 PFOsFromJets.clusters_begin = 0, 0
 PFOsFromJets.clusters_end = 0, 0
 PFOsFromJets.tracks_begin = 0, 0
 PFOsFromJets.tracks_end = 0, 0
 PFOsFromJets.particles_begin = 0, 0
 PFOsFromJets.particles_end = 0, 0
 PFOsFromJets.particleIDs_begin = 0, 0
 PFOsFromJets.particleIDs_end = 0, 0
 PFOsFromJets#4  = (vector<podio::ObjectID>*)0x94db030
 PFOsFromJets#4.index = -2, -2
 PFOsFromJets#4.collectionID = -2, -2
 PFOsFromJets#5  = (vector<podio::ObjectID>*)0x130555a0
 PFOsFromJets#5.index = -2, -2
 PFOsFromJets#5.collectionID = -2, -2
 PandoraClusters = (vector<edm4hep::ClusterData>*)0x14118b80
 PandoraClusters.type = 0, 0
 PandoraClusters.energy = 4.190267, 3.686279
 PandoraClusters.energyError = 1.234625, 1.157277
 PandoraClusters.position.x = 1789.763916, -1838.634644
 PandoraClusters.position.y = 2306.689209, -2279.752197
 PandoraClusters.position.z = -1653.296753, 1695.427979
 PandoraClusters.positionError[6] = 0.000000 , 0.000000 , 0.000000 , 0.000000 , 0.000000 , 
                    0.000000 
, 0.000000 , 0.000000 , 0.000000 , 0.000000 , 0.000000 , 
                    0.000000 

 PandoraClusters.iTheta = 2.085565, 1.042383
 PandoraClusters.phi = 0.939321, -2.267694
 PandoraClusters.directionError.x = 0.000000, 0.000000
 PandoraClusters.directionError.y = 0.000000, 0.000000
 PandoraClusters.directionError.z = 0.000000, 0.000000
 PandoraClusters.shapeParameters_begin = 0, 0
 PandoraClusters.shapeParameters_end = 0, 0
 PandoraClusters.subdetectorEnergies_begin = 0, 6
 PandoraClusters.subdetectorEnergies_end = 6, 12
 PandoraClusters.clusters_begin = 0, 0
 PandoraClusters.clusters_end = 0, 0
 PandoraClusters.hits_begin = 0, 96
 PandoraClusters.hits_end = 96, 182
 PandoraClusters.particleIDs_begin = 0, 0
 PandoraClusters.particleIDs_end = 0, 0
 PandoraClusters#1 = (vector<podio::ObjectID>*)0x14285360
 PandoraClusters#1.index = 0, 1, 2, 3, 4, 5, 6, 7, 8, 10, 12, 13, 14, 15, 16, 18, 19, 20, 21, 22
 PandoraClusters#1.collectionID = 26, 26, 26, 26, 26, 26, 26, 26, 26, 26, 26, 26, 26, 26, 26, 26, 26, 26, 26, 26
 PandoraClusters_0 = (vector<float>*)0x1459a090
 PandoraClusters_1 = (vector<float>*)0x145a7c90
 PandoraPFOs     = (vector<edm4hep::ReconstructedParticleData>*)0x145dd190
 PandoraPFOs.type = 13, -13
 PandoraPFOs.energy = 45.880974, 45.145618
 PandoraPFOs.momentum.x = 25.221233, -23.858480
 PandoraPFOs.momentum.y = 30.962576, -30.962042
 PandoraPFOs.momentum.z = -22.588951, 22.588509
 PandoraPFOs.referencePoint.x = 22.546011, -21.721664
 PandoraPFOs.referencePoint.y = 27.697796, -28.173733
 PandoraPFOs.referencePoint.z = -20.203285, 20.559772
 PandoraPFOs.charge = -1.000000, 1.000000
 PandoraPFOs.mass = 0.105658, 0.105658
 PandoraPFOs.goodnessOfPID = 0.000000, 0.000000
 PandoraPFOs.covMatrix[10] = 0.000000 , 0.000000 , 0.000000 , 0.000000 , 0.000000 , 
                    0.000000 , 0.000000 , 0.000000 , 0.000000 , 0.000000 
, 0.000000 , 0.000000 , 0.000000 , 0.000000 , 0.000000 , 
                    0.000000 , 0.000000 , 0.000000 , 0.000000 , 0.000000 

 PandoraPFOs.clusters_begin = 0, 1
 PandoraPFOs.clusters_end = 1, 2
 PandoraPFOs.tracks_begin = 0, 0
 PandoraPFOs.tracks_end = 0, 0
 PandoraPFOs.particles_begin = 0, 0
 PandoraPFOs.particles_end = 0, 0
 PandoraPFOs.particleIDs_begin = 0, 0
 PandoraPFOs.particleIDs_end = 0, 0
 PandoraPFOs#0   = (vector<podio::ObjectID>*)0x145d9f50
 PandoraPFOs#0.index = 0, 1
 PandoraPFOs#0.collectionID = 33, 33
 PandoraPFOs#4   = (vector<podio::ObjectID>*)0x147b4040
 PandoraPFOs#4.index = -2, -2
 PandoraPFOs#4.collectionID = -2, -2
 PandoraPFOs#5   = (vector<podio::ObjectID>*)0x147ef720
 PandoraPFOs#5.index = -2, -2
 PandoraPFOs#5.collectionID = -2, -2
 PandoraStartVertices = (vector<edm4hep::VertexData>*)0x1481de30
 PandoraStartVertices.primary = 0, 0
 PandoraStartVertices.chi2 = 0.000000, 0.000000
 PandoraStartVertices.probability = 0.000000, 0.000000
 PandoraStartVertices.position.x = 22.546011, -21.721664
 PandoraStartVertices.position.y = 27.697796, -28.173733
 PandoraStartVertices.position.z = -20.203285, 20.559772
 PandoraStartVertices.covMatrix[6] = 0.000000 , 0.000000 , 0.000000 , 0.000000 , 0.000000 , 
                    0.000000 
, 0.000000 , 0.000000 , 0.000000 , 0.000000 , 0.000000 , 
                    0.000000 

 PandoraStartVertices.algorithmType = 0, 0
 PandoraStartVertices.parameters_begin = 0, 0
 PandoraStartVertices.parameters_end = 0, 0
 PandoraStartVertices#0 = (vector<podio::ObjectID>*)0x148ac990
 PandoraStartVertices#0.index = -2, -2
 PandoraStartVertices#0.collectionID = -2, -2
 PandoraStartVertices_0 = (vector<float>*)0x149025e0
 PrimaryVertices = (vector<edm4hep::VertexData>*)0x14911cf0
 PrimaryVertices.primary = 1
 PrimaryVertices.chi2 = 1.895813
 PrimaryVertices.probability = 0.168548
 PrimaryVertices.position.x = -0.000101
 PrimaryVertices.position.y = 0.000000
 PrimaryVertices.position.z = -0.000660
 PrimaryVertices.covMatrix[6] = 0.000000 , 0.000000 , 0.000000 , -0.000000 , -0.000000 , 
                    0.000004 

 PrimaryVertices.algorithmType = 0
 PrimaryVertices.parameters_begin = 0
 PrimaryVertices.parameters_end = 0
 PrimaryVertices#0 = (vector<podio::ObjectID>*)0x14974310
 PrimaryVertices#0.index = -2
 PrimaryVertices#0.collectionID = -2
 PrimaryVertices_0 = (vector<float>*)0x149b72f0
 PrimaryVertices_RP = (vector<edm4hep::ReconstructedParticleData>*)0x149c8120
 PrimaryVertices_RP.type = 3
 PrimaryVertices_RP.energy = 91.026596
 PrimaryVertices_RP.momentum.x = 1.362753
 PrimaryVertices_RP.momentum.y = 0.000534
 PrimaryVertices_RP.momentum.z = -0.000443
 PrimaryVertices_RP.referencePoint.x = -0.000101
 PrimaryVertices_RP.referencePoint.y = 0.000000
 PrimaryVertices_RP.referencePoint.z = -0.000660
 PrimaryVertices_RP.charge = 0.000000
 PrimaryVertices_RP.mass = 91.016388
 PrimaryVertices_RP.goodnessOfPID = 0.000000
 PrimaryVertices_RP.covMatrix[10] = 0.000000 , 0.000000 , 0.000000 , 0.000000 , 0.000000 , 
                    0.000000 , 0.000000 , 0.000000 , 0.000000 , 0.000000 

 PrimaryVertices_RP.clusters_begin = 0
 PrimaryVertices_RP.clusters_end = 0
 PrimaryVertices_RP.tracks_begin = 0
 PrimaryVertices_RP.tracks_end = 0
 PrimaryVertices_RP.particles_begin = 0
 PrimaryVertices_RP.particles_end = 2
 PrimaryVertices_RP.particleIDs_begin = 0
 PrimaryVertices_RP.particleIDs_end = 0
 PrimaryVertices_RP#2 = (vector<podio::ObjectID>*)0x14ae65c0
 PrimaryVertices_RP#2.index = 0, 1
 PrimaryVertices_RP#2.collectionID = 54, 54
 PrimaryVertices_RP#4 = (vector<podio::ObjectID>*)0x14b30ba0
 PrimaryVertices_RP#4.index = -2
 PrimaryVertices_RP#4.collectionID = -2
 PrimaryVertices_RP#5 = (vector<podio::ObjectID>*)0x14b64ad0
 PrimaryVertices_RP#5.index = -2
 PrimaryVertices_RP#5.collectionID = -2
 RecoMCTruthLink = (vector<edm4hep::MCRecoParticleAssociationData>*)0x14b8ccd0
 RecoMCTruthLink.weight = 1.000000, 1.000000
 RecoMCTruthLink#0 = (vector<podio::ObjectID>*)0x14babb10
 RecoMCTruthLink#0.index = 1, 0
 RecoMCTruthLink#0.collectionID = 54, 54
 RecoMCTruthLink#1 = (vector<podio::ObjectID>*)0x14bd85e0
 RecoMCTruthLink#1.index = 10, 11
 RecoMCTruthLink#1.collectionID = 41, 41
 RefinedVertexJets = (vector<edm4hep::ReconstructedParticleData>*)0x14c08470
 RefinedVertexJets.type = 4, 4
 RefinedVertexJets.energy = 45.880974, 45.145618
 RefinedVertexJets.momentum.x = 25.221233, -23.858480
 RefinedVertexJets.momentum.y = 30.962576, -30.962042
 RefinedVertexJets.momentum.z = -22.588951, 22.588509
 RefinedVertexJets.referencePoint.x = 0.000000, 0.000000
 RefinedVertexJets.referencePoint.y = 0.000000, 0.000000
 RefinedVertexJets.referencePoint.z = 0.000000, 0.000000
 RefinedVertexJets.charge = -1.000000, 1.000000
 RefinedVertexJets.mass = 0.106425, 0.104966
 RefinedVertexJets.goodnessOfPID = 0.000000, 0.000000
 RefinedVertexJets.covMatrix[10] = 0.000000 , 0.000000 , 0.000000 , 0.000000 , 0.000000 , 
                    0.000000 , 0.000000 , 0.000000 , 0.000000 , 0.000000 
, 0.000000 , 0.000000 , 0.000000 , 0.000000 , 0.000000 , 
                    0.000000 , 0.000000 , 0.000000 , 0.000000 , 0.000000 

 RefinedVertexJets.clusters_begin = 0, 0
 RefinedVertexJets.clusters_end = 0, 0
 RefinedVertexJets.tracks_begin = 0, 0
 RefinedVertexJets.tracks_end = 0, 0
 RefinedVertexJets.particles_begin = 0, 1
 RefinedVertexJets.particles_end = 1, 2
 RefinedVertexJets.particleIDs_begin = 0, 1
 RefinedVertexJets.particleIDs_end = 1, 2
 RefinedVertexJets#2 = (vector<podio::ObjectID>*)0x14d6ec70
 RefinedVertexJets#2.index = 0, 1
 RefinedVertexJets#2.collectionID = 54, 54
 RefinedVertexJets#3 = (vector<podio::ObjectID>*)0x14da9ba0
 RefinedVertexJets#3.index = 4, 5
 RefinedVertexJets#3.collectionID = 32, 32
 RefinedVertexJets#4 = (vector<podio::ObjectID>*)0x14dd3ea0
 RefinedVertexJets#4.index = -2, -2
 RefinedVertexJets#4.collectionID = -2, -2
 RefinedVertexJets#5 = (vector<podio::ObjectID>*)0x14dfe1a0
 RefinedVertexJets#5.index = -2, -2
 RefinedVertexJets#5.collectionID = -2, -2
 RefinedVertexJets_vtx_0 = (vector<float>*)0x14ef2170
 RefinedVertices_0 = (vector<float>*)0x150e5390
 RelationCaloHit = (vector<edm4hep::MCRecoCaloAssociationData>*)0x1526d600
 RelationCaloHit.weight = 1.000000, 1.000000, 1.000000, 1.000000, 1.000000, 1.000000, 1.000000, 1.000000, 1.000000, 1.000000, 1.000000, 1.000000, 1.000000, 1.000000, 1.000000, 1.000000, 1.000000, 1.000000, 1.000000, 1.000000
 RelationCaloHit#0 = (vector<podio::ObjectID>*)0x153e90f0
 RelationCaloHit#0.index = 5, 6, 7, 8, 9, 10, 11, 9, 10, 65, 6, 7, 11, 12, 70, 71, 34, 35, 36, 68
 RelationCaloHit#0.collectionID = 28, 28, 28, 28, 28, 28, 28, 26, 26, 26, 26, 26, 26, 26, 26, 26, 26, 26, 26, 26
 RelationCaloHit#1 = (vector<podio::ObjectID>*)0x15565100
 RelationCaloHit#1.index = -2, -2, -2, -2, -2, -2, -2, -2, -2, -2, -2, -2, -2, -2, -2, -2, -2, -2, -2, -2
 RelationCaloHit#1.collectionID = -2, -2, -2, -2, -2, -2, -2, -2, -2, -2, -2, -2, -2, -2, -2, -2, -2, -2, -2, -2
 RelationMuonHit = (vector<edm4hep::MCRecoCaloAssociationData>*)0x1584abb0
 RelationMuonHit.weight = 1.000000, 1.000000, 1.000000, 1.000000, 1.000000, 1.000000, 1.000000, 1.000000, 1.000000, 1.000000, 1.000000, 1.000000, 1.000000, 1.000000, 1.000000, 1.000000, 1.000000, 1.000000, 1.000000, 1.000000
 RelationMuonHit#0 = (vector<podio::ObjectID>*)0x159f0e20
 RelationMuonHit#0.index = 0, 1, 2, 3, 4, 5, 6, 7, 8, 17, 9, 10, 11, 12, 13, 14, 15, 16, 18, 19
 RelationMuonHit#0.collectionID = 31, 31, 31, 31, 31, 31, 31, 31, 31, 31, 31, 31, 31, 31, 31, 31, 31, 31, 31, 31
 RelationMuonHit#1 = (vector<podio::ObjectID>*)0x15a2d850
 RelationMuonHit#1.index = -2, -2, -2, -2, -2, -2, -2, -2, -2, -2, -2, -2, -2, -2, -2, -2, -2, -2, -2, -2
 RelationMuonHit#1.collectionID = -2, -2, -2, -2, -2, -2, -2, -2, -2, -2, -2, -2, -2, -2, -2, -2, -2, -2, -2, -2
 SelectedPandoraPFOs = (vector<edm4hep::ReconstructedParticleData>*)0x15ac2a10
 SelectedPandoraPFOs.type = 13, -13
 SelectedPandoraPFOs.energy = 45.880974, 45.145618
 SelectedPandoraPFOs.momentum.x = 25.221233, -23.858480
 SelectedPandoraPFOs.momentum.y = 30.962576, -30.962042
 SelectedPandoraPFOs.momentum.z = -22.588951, 22.588509
 SelectedPandoraPFOs.referencePoint.x = 22.546011, -21.721664
 SelectedPandoraPFOs.referencePoint.y = 27.697796, -28.173733
 SelectedPandoraPFOs.referencePoint.z = -20.203285, 20.559772
 SelectedPandoraPFOs.charge = -1.000000, 1.000000
 SelectedPandoraPFOs.mass = 0.105658, 0.105658
 SelectedPandoraPFOs.goodnessOfPID = 0.000000, 0.000000
 SelectedPandoraPFOs.covMatrix[10] = 0.000000 , 0.000000 , 0.000000 , 0.000000 , 0.000000 , 
                    0.000000 , 0.000000 , 0.000000 , 0.000000 , 0.000000 
, 0.000000 , 0.000000 , 0.000000 , 0.000000 , 0.000000 , 
                    0.000000 , 0.000000 , 0.000000 , 0.000000 , 0.000000 

 SelectedPandoraPFOs.clusters_begin = 0, 1
 SelectedPandoraPFOs.clusters_end = 1, 2
 SelectedPandoraPFOs.tracks_begin = 0, 0
 SelectedPandoraPFOs.tracks_end = 0, 0
 SelectedPandoraPFOs.particles_begin = 0, 0
 SelectedPandoraPFOs.particles_end = 0, 0
 SelectedPandoraPFOs.particleIDs_begin = 0, 0
 SelectedPandoraPFOs.particleIDs_end = 0, 0
 SelectedPandoraPFOs#0 = (vector<podio::ObjectID>*)0x15bad990
 SelectedPandoraPFOs#0.index = 0, 1
 SelectedPandoraPFOs#0.collectionID = 33, 33
 SelectedPandoraPFOs#4 = (vector<podio::ObjectID>*)0x15c993b0
 SelectedPandoraPFOs#4.index = -2, -2
 SelectedPandoraPFOs#4.collectionID = -2, -2
 SelectedPandoraPFOs#5 = (vector<podio::ObjectID>*)0x15cd4ae0
 SelectedPandoraPFOs#5.index = -2, -2
 SelectedPandoraPFOs#5.collectionID = -2, -2
 SiTracks        = (vector<edm4hep::TrackData>*)0x15d0afb0
 SiTracks.type   = 0, 0
 SiTracks.chi2   = 17.765556, 13.589056
 SiTracks.ndf    = 15, 15
 SiTracks.dEdx   = 0.000000, 0.000000
 SiTracks.dEdxError = 0.000000, 0.000000
 SiTracks.radiusOfInnermostHit = 35.714008, 35.575130
 SiTracks.subDetectorHitNumbers_begin = 0, 0
 SiTracks.subDetectorHitNumbers_end = 0, 0
 SiTracks.trackStates_begin = 0, 4
 SiTracks.trackStates_end = 4, 8
 SiTracks.dxQuantities_begin = 0, 0
 SiTracks.dxQuantities_end = 0, 0
 SiTracks.trackerHits_begin = 0, 0
 SiTracks.trackerHits_end = 0, 0
 SiTracks.tracks_begin = 0, 0
 SiTracks.tracks_end = 0, 0
 SiTracks_0      = (vector<int>*)0x6210580
 SiTracks_1      = (vector<edm4hep::TrackState>*)0x15e442d0
 SiTracks_1.location = 1, 2, 3, 4, 1, 2, 3, 4
 SiTracks_1.D0   = 0.002184, -0.000000, -0.501055, -0.000000, 0.005192, -0.000000, -0.335170, -0.000000
 SiTracks_1.phi  = 0.887206, 0.887738, 0.919210, 0.919644, -2.227478, -2.227821, -2.260374, -2.260849
 SiTracks_1.omega = -0.000015, -0.000015, -0.000015, -0.000015, 0.000015, 0.000015, 0.000015, 0.000015
 SiTracks_1.Z0   = -0.010912, -0.000000, 0.681801, 0.000000, -0.001823, 0.000000, 0.263129, -0.000000
 SiTracks_1.tanLambda = -0.565466, -0.565745, -0.565466, -0.565466, 0.577978, 0.577831, 0.577971, 0.577971
 SiTracks_1.time = -1.000000, -1.000000, -1.000000, -1.000000, -1.000000, -1.000000, -1.000000, -1.000000
 SiTracks_1.referencePoint.x = 0.000000, 22.546011, 1326.539307, 1344.554565, 0.000000, -21.721664, -1335.993286, -1355.955688
 SiTracks_1.referencePoint.y = 0.000000, 27.697796, 1683.522827, 1706.327148, 0.000000, -28.173733, -1676.075317, -1699.744751
 SiTracks_1.referencePoint.z = 0.000000, -20.203285, -1212.740356, -1228.489746, 0.000000, 20.559772, 1238.602539, 1256.760620
 SiTracks_1.covMatrix[21] = 0.000027 , -0.000001 , 0.000000 , 0.000000 , 0.000000 , 
                    0.000000 , -0.000001 , 0.000000 , -0.000000 , 0.000029 , 
                    0.000000 , 0.000000 , 0.000000 , -0.000001 , 0.000000 , 
                    0.000000 , 0.000000 , 0.000000 , 0.000000 , 0.000000 
, 0.000009 , 0.000010 , 88.801498 , -0.000000 , -0.003369 , 
                    0.000100 , -0.000001 , 0.000034 , -0.000000 , 0.000009 , 
                    -0.000000 , 0.002161 , -0.000000 , 0.000010 , 88.687935 , 
                    0.000000 , 0.000000 , 0.000000 , 0.000000 , 0.000000 
, 0.105106 , 0.000059 , 0.000000 , -0.000000 , -0.000000 , 
                    0.000000 , -0.012113 , -0.000011 , 0.000000 , 0.102832 , 
                    -0.000006 , -0.000000 , 0.000000 , 0.000053 , 0.000000 , 
                    0.000000 , 0.000000 , 0.000000 , 0.000000 , 0.000000 
, 0.108568 , 0.000060 , 0.000000 , -0.000000 , -0.000000 , 
                    0.000000 , -0.012589 , -0.000012 , 0.000000 , 0.105902 , 
                    -0.000006 , -0.000000 , 0.000000 , 0.000053 , 0.000000 , 
                    0.000000 , 0.000000 , 0.000000 , 0.000000 , 0.000000 
, 0.000021 , -0.000000 , 0.000000 , 0.000000 , -0.000000 , 
                    0.000000 , 0.000000 , -0.000000 , -0.000000 , 0.000026 , 
                    -0.000000 , -0.000000 , 0.000000 , -0.000001 , 0.000000 , 
                    0.000000 , 0.000000 , 0.000000 , 0.000000 , 0.000000 
, 0.000009 , -0.000018 , 88.878647 , 0.000000 , -0.003358 , 
                    0.000100 , 0.000001 , 0.000078 , -0.000000 , 0.000009 , 
                    0.000000 , 0.001861 , -0.000000 , -0.000018 , 88.765877 , 
                    0.000000 , 0.000000 , 0.000000 , 0.000000 , 0.000000 
, 0.081055 , 0.000047 , 0.000000 , -0.000000 , -0.000000 , 
                    0.000000 , -0.004487 , -0.000005 , 0.000000 , 0.090367 , 
                    -0.000002 , -0.000000 , 0.000000 , 0.000046 , 0.000000 , 
                    0.000000 , 0.000000 , 0.000000 , 0.000000 , 0.000000 
, 0.083983 , 0.000048 , 0.000000 , -0.000000 , -0.000000 , 
                    0.000000 , -0.004700 , -0.000005 , 0.000000 , 0.093263 , 
                    -0.000003 , -0.000000 , 0.000000 , 0.000047 , 0.000000 , 
                    0.000000 , 0.000000 , 0.000000 , 0.000000 , 0.000000 

 SiTracksCT      = (vector<edm4hep::TrackData>*)0x16104570
 SiTracksCT.type = 0, 0
 SiTracksCT.chi2 = 17.765556, 13.589056
 SiTracksCT.ndf  = 15, 15
 SiTracksCT.dEdx = 0.000000, 0.000000
 SiTracksCT.dEdxError = 0.000000, 0.000000
 SiTracksCT.radiusOfInnermostHit = 35.714008, 35.575130
 SiTracksCT.subDetectorHitNumbers_begin = 0, 12
 SiTracksCT.subDetectorHitNumbers_end = 12, 24
 SiTracksCT.trackStates_begin = 0, 4
 SiTracksCT.trackStates_end = 4, 8
 SiTracksCT.dxQuantities_begin = 0, 0
 SiTracksCT.dxQuantities_end = 0, 0
 SiTracksCT.trackerHits_begin = 0, 0
 SiTracksCT.trackerHits_end = 0, 0
 SiTracksCT.tracks_begin = 0, 0
 SiTracksCT.tracks_end = 0, 0
 SiTracksCT_0    = (vector<int>*)0x162131e0
 SiTracksCT_1    = (vector<edm4hep::TrackState>*)0x1626eea0
 SiTracksCT_1.location = 1, 2, 3, 4, 1, 2, 3, 4
 SiTracksCT_1.D0 = 0.002184, -0.000000, -0.501055, -0.000000, 0.005192, -0.000000, -0.335170, -0.000000
 SiTracksCT_1.phi = 0.887206, 0.887738, 0.919210, 0.919644, -2.227478, -2.227821, -2.260374, -2.260849
 SiTracksCT_1.omega = -0.000015, -0.000015, -0.000015, -0.000015, 0.000015, 0.000015, 0.000015, 0.000015
 SiTracksCT_1.Z0 = -0.010912, -0.000000, 0.681801, 0.000000, -0.001823, 0.000000, 0.263129, -0.000000
 SiTracksCT_1.tanLambda = -0.565466, -0.565745, -0.565466, -0.565466, 0.577978, 0.577831, 0.577971, 0.577971
 SiTracksCT_1.time = -1.000000, -1.000000, -1.000000, -1.000000, -1.000000, -1.000000, -1.000000, -1.000000
 SiTracksCT_1.referencePoint.x = 0.000000, 22.546011, 1326.539307, 1344.554565, 0.000000, -21.721664, -1335.993286, -1355.955688
 SiTracksCT_1.referencePoint.y = 0.000000, 27.697796, 1683.522827, 1706.327148, 0.000000, -28.173733, -1676.075317, -1699.744751
 SiTracksCT_1.referencePoint.z = 0.000000, -20.203285, -1212.740356, -1228.489746, 0.000000, 20.559772, 1238.602539, 1256.760620
 SiTracksCT_1.covMatrix[21] = 0.000027 , -0.000001 , 0.000000 , 0.000000 , 0.000000 , 
                    0.000000 , -0.000001 , 0.000000 , -0.000000 , 0.000029 , 
                    0.000000 , 0.000000 , 0.000000 , -0.000001 , 0.000000 , 
                    0.000000 , 0.000000 , 0.000000 , 0.000000 , 0.000000 
, 0.000009 , 0.000010 , 88.801498 , -0.000000 , -0.003369 , 
                    0.000100 , -0.000001 , 0.000034 , -0.000000 , 0.000009 , 
                    -0.000000 , 0.002161 , -0.000000 , 0.000010 , 88.687935 , 
                    0.000000 , 0.000000 , 0.000000 , 0.000000 , 0.000000 
, 0.105106 , 0.000059 , 0.000000 , -0.000000 , -0.000000 , 
                    0.000000 , -0.012113 , -0.000011 , 0.000000 , 0.102832 , 
                    -0.000006 , -0.000000 , 0.000000 , 0.000053 , 0.000000 , 
                    0.000000 , 0.000000 , 0.000000 , 0.000000 , 0.000000 
, 0.108568 , 0.000060 , 0.000000 , -0.000000 , -0.000000 , 
                    0.000000 , -0.012589 , -0.000012 , 0.000000 , 0.105902 , 
                    -0.000006 , -0.000000 , 0.000000 , 0.000053 , 0.000000 , 
                    0.000000 , 0.000000 , 0.000000 , 0.000000 , 0.000000 
, 0.000021 , -0.000000 , 0.000000 , 0.000000 , -0.000000 , 
                    0.000000 , 0.000000 , -0.000000 , -0.000000 , 0.000026 , 
                    -0.000000 , -0.000000 , 0.000000 , -0.000001 , 0.000000 , 
                    0.000000 , 0.000000 , 0.000000 , 0.000000 , 0.000000 
, 0.000009 , -0.000018 , 88.878647 , 0.000000 , -0.003358 , 
                    0.000100 , 0.000001 , 0.000078 , -0.000000 , 0.000009 , 
                    0.000000 , 0.001861 , -0.000000 , -0.000018 , 88.765877 , 
                    0.000000 , 0.000000 , 0.000000 , 0.000000 , 0.000000 
, 0.081055 , 0.000047 , 0.000000 , -0.000000 , -0.000000 , 
                    0.000000 , -0.004487 , -0.000005 , 0.000000 , 0.090367 , 
                    -0.000002 , -0.000000 , 0.000000 , 0.000046 , 0.000000 , 
                    0.000000 , 0.000000 , 0.000000 , 0.000000 , 0.000000 
, 0.083983 , 0.000048 , 0.000000 , -0.000000 , -0.000000 , 
                    0.000000 , -0.004700 , -0.000005 , 0.000000 , 0.093263 , 
                    -0.000003 , -0.000000 , 0.000000 , 0.000047 , 0.000000 , 
                    0.000000 , 0.000000 , 0.000000 , 0.000000 , 0.000000 

 SiTracksMCTruthLink = (vector<edm4hep::MCRecoTrackParticleAssociationData>*)0x1652cae0
 SiTracksMCTruthLink.weight = 1.000000, 1.000000
 SiTracksMCTruthLink#0 = (vector<podio::ObjectID>*)0x1654a520
 SiTracksMCTruthLink#0.index = -2, -2
 SiTracksMCTruthLink#0.collectionID = -2, -2
 SiTracksMCTruthLink#1 = (vector<podio::ObjectID>*)0x16575010
 SiTracksMCTruthLink#1.index = 11, 10
 SiTracksMCTruthLink#1.collectionID = 41, 41
 SiTracks_Refitted = (vector<edm4hep::TrackData>*)0x165a0040
 SiTracks_Refitted.type = 42, 42
 SiTracks_Refitted.chi2 = 29.151237, 21.777813
 SiTracks_Refitted.ndf = 15, 15
 SiTracks_Refitted.dEdx = 0.000000, 0.000000
 SiTracks_Refitted.dEdxError = 0.000000, 0.000000
 SiTracks_Refitted.radiusOfInnermostHit = 35.714008, 35.575130
 SiTracks_Refitted.subDetectorHitNumbers_begin = 0, 40
 SiTracks_Refitted.subDetectorHitNumbers_end = 40, 80
 SiTracks_Refitted.trackStates_begin = 0, 4
 SiTracks_Refitted.trackStates_end = 4, 8
 SiTracks_Refitted.dxQuantities_begin = 0, 0
 SiTracks_Refitted.dxQuantities_end = 0, 0
 SiTracks_Refitted.trackerHits_begin = 0, 0
 SiTracks_Refitted.trackerHits_end = 0, 0
 SiTracks_Refitted.tracks_begin = 0, 0
 SiTracks_Refitted.tracks_end = 0, 0
 SiTracks_Refitted_0 = (vector<int>*)0x166aeff0
 SiTracks_Refitted_1 = (vector<edm4hep::TrackState>*)0x1679afe0
 SiTracks_Refitted_1.location = 1, 2, 3, 4, 1, 2, 3, 4
 SiTracks_Refitted_1.D0 = 0.000693, -0.001144, -0.250452, -0.000000, -0.000914, -0.000244, -0.012859, 0.000000
 SiTracks_Refitted_1.phi = 0.887233, 0.887729, 0.919418, 0.919854, -2.227334, -2.228026, -2.260210, -2.260684
 SiTracks_Refitted_1.omega = -0.000015, -0.000015, -0.000015, -0.000015, 0.000015, 0.000015, 0.000015, 0.000015
 SiTracks_Refitted_1.Z0 = -0.003261, -0.002007, 0.290466, 0.000000, 0.001856, 0.000025, 0.083230, 0.000000
 SiTracks_Refitted_1.tanLambda = -0.565645, -0.565484, -0.565653, -0.565653, 0.577888, 0.577978, 0.577884, 0.577884
 SiTracks_Refitted_1.time = -1.000000, -1.000000, -1.000000, -1.000000, -1.000000, -1.000000, -1.000000, -1.000000
 SiTracks_Refitted_1.referencePoint.x = 0.000000, 22.546011, 1326.539307, 1344.330444, 0.000000, -21.721664, -1335.993286, -1355.668213
 SiTracks_Refitted_1.referencePoint.y = 0.000000, 27.697796, 1683.522827, 1706.456543, 0.000000, -28.173733, -1676.075317, -1699.910767
 SiTracks_Refitted_1.referencePoint.z = 0.000000, -20.203285, -1212.740356, -1228.867798, 0.000000, 20.559772, 1238.602539, 1256.546387
 SiTracks_Refitted_1.covMatrix[21] = 0.000005 , -0.000000 , 0.000000 , -0.000000 , 0.000000 , 
                    0.000000 , -0.000000 , -0.000000 , -0.000000 , 0.000008 , 
                    0.000000 , 0.000000 , 0.000000 , -0.000000 , 0.000000 , 
                    0.000000 , 0.000000 , 0.000000 , 0.000000 , 0.000000 
, 0.000002 , -0.000000 , 0.000000 , 0.000000 , -0.000000 , 
                    0.000000 , -0.000000 , 0.000000 , -0.000000 , 0.000002 , 
                    0.000000 , 0.000000 , 0.000000 , -0.000000 , 0.000000 , 
                    0.000000 , 0.000000 , 0.000000 , 0.000000 , 0.000000 
, 0.025516 , 0.000017 , 0.000000 , -0.000000 , -0.000000 , 
                    0.000000 , -0.000671 , -0.000001 , 0.000000 , 0.034940 , 
                    -0.000000 , -0.000000 , 0.000000 , 0.000020 , 0.000000 , 
                    0.000000 , 0.000000 , 0.000000 , 0.000000 , 0.000000 
, 0.026515 , 0.000017 , 0.000000 , -0.000000 , -0.000000 , 
                    0.000000 , -0.000697 , -0.000001 , 0.000000 , 0.036126 , 
                    -0.000000 , -0.000000 , 0.000000 , 0.000021 , 0.000000 , 
                    0.000000 , 0.000000 , 0.000000 , 0.000000 , 0.000000 
, 0.000005 , -0.000000 , 0.000000 , -0.000000 , 0.000000 , 
                    0.000000 , 0.000000 , -0.000000 , -0.000000 , 0.000008 , 
                    -0.000000 , 0.000000 , 0.000000 , -0.000000 , 0.000000 , 
                    0.000000 , 0.000000 , 0.000000 , 0.000000 , 0.000000 
, 0.000002 , -0.000000 , 0.000000 , 0.000000 , -0.000000 , 
                    0.000000 , 0.000000 , -0.000000 , -0.000000 , 0.000002 , 
                    -0.000000 , -0.000000 , 0.000000 , -0.000000 , 0.000000 , 
                    0.000000 , 0.000000 , 0.000000 , 0.000000 , 0.000000 
, 0.026194 , 0.000017 , 0.000000 , -0.000000 , -0.000000 , 
                    0.000000 , -0.000351 , -0.000000 , 0.000000 , 0.035948 , 
                    -0.000000 , -0.000000 , 0.000000 , 0.000020 , 0.000000 , 
                    0.000000 , 0.000000 , 0.000000 , 0.000000 , 0.000000 
, 0.027263 , 0.000018 , 0.000000 , -0.000000 , -0.000000 , 
                    0.000000 , -0.000367 , -0.000000 , 0.000000 , 0.037221 , 
                    -0.000000 , -0.000000 , 0.000000 , 0.000021 , 0.000000 , 
                    0.000000 , 0.000000 , 0.000000 , 0.000000 , 0.000000 

 TightSelectedPandoraPFOs = (vector<edm4hep::ReconstructedParticleData>*)0x16a58c70
 TightSelectedPandoraPFOs.type = 13, -13
 TightSelectedPandoraPFOs.energy = 45.880974, 45.145618
 TightSelectedPandoraPFOs.momentum.x = 25.221233, -23.858480
 TightSelectedPandoraPFOs.momentum.y = 30.962576, -30.962042
 TightSelectedPandoraPFOs.momentum.z = -22.588951, 22.588509
 TightSelectedPandoraPFOs.referencePoint.x = 22.546011, -21.721664
 TightSelectedPandoraPFOs.referencePoint.y = 27.697796, -28.173733
 TightSelectedPandoraPFOs.referencePoint.z = -20.203285, 20.559772
 TightSelectedPandoraPFOs.charge = -1.000000, 1.000000
 TightSelectedPandoraPFOs.mass = 0.105658, 0.105658
 TightSelectedPandoraPFOs.goodnessOfPID = 0.000000, 0.000000
 TightSelectedPandoraPFOs.covMatrix[10] = 0.000000 , 0.000000 , 0.000000 , 0.000000 , 0.000000 , 
                    0.000000 , 0.000000 , 0.000000 , 0.000000 , 0.000000 
, 0.000000 , 0.000000 , 0.000000 , 0.000000 , 0.000000 , 
                    0.000000 , 0.000000 , 0.000000 , 0.000000 , 0.000000 

 TightSelectedPandoraPFOs.clusters_begin = 0, 1
 TightSelectedPandoraPFOs.clusters_end = 1, 2
 TightSelectedPandoraPFOs.tracks_begin = 0, 0
 TightSelectedPandoraPFOs.tracks_end = 0, 0
 TightSelectedPandoraPFOs.particles_begin = 0, 0
 TightSelectedPandoraPFOs.particles_end = 0, 0
 TightSelectedPandoraPFOs.particleIDs_begin = 0, 0
 TightSelectedPandoraPFOs.particleIDs_end = 0, 0
 TightSelectedPandoraPFOs#0 = (vector<podio::ObjectID>*)0x16b3cd10
 TightSelectedPandoraPFOs#0.index = 0, 1
 TightSelectedPandoraPFOs#0.collectionID = 33, 33
 TightSelectedPandoraPFOs#4 = (vector<podio::ObjectID>*)0x16c34bf0
 TightSelectedPandoraPFOs#4.index = -2, -2
 TightSelectedPandoraPFOs#4.collectionID = -2, -2
 TightSelectedPandoraPFOs#5 = (vector<podio::ObjectID>*)0x16c60f30
 TightSelectedPandoraPFOs#5.index = -2, -2
 TightSelectedPandoraPFOs#5.collectionID = -2, -2
 VXDTrackerHits  = (vector<edm4hep::TrackerHitPlaneData>*)0x16d8b660
 VXDTrackerHits.cellID = 16385, 16513, 16641, 16769, 16897, 17025, 81921, 82049, 65793, 65921, 82433, 82561
 VXDTrackerHits.type = 0, 0, 0, 0, 0, 0, 0, 0, 0, 0, 0, 0
 VXDTrackerHits.quality = 0, 0, 0, 0, 0, 0, 0, 0, 0, 0, 0, 0
 VXDTrackerHits.time = 0.049252, 0.053296, 0.136967, 0.141043, 0.220688, 0.224733, 0.049667, 0.053746, 0.137155, 0.141236, 0.222528, 0.226607
 VXDTrackerHits.eDep = 0.000013, 0.000025, 0.000012, 0.000013, 0.000024, 0.000017, 0.000015, 0.000019, 0.000019, 0.000020, 0.000009, 0.000014
 VXDTrackerHits.eDepError = 0.000000, 0.000000, 0.000000, 0.000000, 0.000000, 0.000000, 0.000000, 0.000000, 0.000000, 0.000000, 0.000000, 0.000000
 VXDTrackerHits.u.a = 1.570796, 1.570796, 1.570796, 1.570796, 1.570796, 1.570796, 1.570796, 1.570796, 1.570796, 1.570796, 1.570796, 1.570796
 VXDTrackerHits.u.b = 2.356194, 2.356194, 2.617994, 2.617994, 2.356194, 2.356194, -0.785398, -0.785398, -0.523599, -0.523599, -0.785398, -0.785398
 VXDTrackerHits.v.a = 0.000000, 0.000000, 0.000000, 0.000000, 0.000000, 0.000000, 0.000000, 0.000000, 0.000000, 0.000000, 0.000000, 0.000000
 VXDTrackerHits.v.b = 0.000000, 0.000000, 0.000000, 0.000000, 0.000000, 0.000000, 0.000000, 0.000000, 0.000000, 0.000000, 0.000000, 0.000000
 VXDTrackerHits.du = 0.003000, 0.003000, 0.003000, 0.003000, 0.003000, 0.003000, 0.003000, 0.003000, 0.003000, 0.003000, 0.003000, 0.003000
 VXDTrackerHits.dv = 0.003000, 0.003000, 0.003000, 0.003000, 0.003000, 0.003000, 0.003000, 0.003000, 0.003000, 0.003000, 0.003000, 0.003000
 VXDTrackerHits.position.x = 8.10118, 8.7657, 22.546, 23.22, 36.334, 36.9982, -7.85522, -8.50074, -21.7217, -22.3691, -35.2618, -35.9116
 VXDTrackerHits.position.y = 9.94419, 10.7646, 27.6978, 28.5211, 44.6438, 45.4645, -10.1901, -11.0296, -28.1737, -29.0124, -45.7161, -46.5512
 VXDTrackerHits.position.z = -7.25006, -7.84781, -20.2033, -20.8106, -32.5569, -33.1586, 7.43914, 8.05131, 20.5598, 21.1718, 33.3686, 33.9797
 VXDTrackerHits.covMatrix[6] = 0.000000 , 0.000000 , 0.000000 , 0.000000 , 0.000000 , 
                    0.000000 
, 0.000000 , 0.000000 , 0.000000 , 0.000000 , 0.000000 , 
                    0.000000 
, 0.000000 , 0.000000 , 0.000000 , 0.000000 , 0.000000 , 
                    0.000000 
, 0.000000 , 0.000000 , 0.000000 , 0.000000 , 0.000000 , 
                    0.000000 
, 0.000000 , 0.000000 , 0.000000 , 0.000000 , 0.000000 , 
                    0.000000 
, 0.000000 , 0.000000 , 0.000000 , 0.000000 , 0.000000 , 
                    0.000000 
, 0.000000 , 0.000000 , 0.000000 , 0.000000 , 0.000000 , 
                    0.000000 
, 0.000000 , 0.000000 , 0.000000 , 0.000000 , 0.000000 , 
                    0.000000 
, 0.000000 , 0.000000 , 0.000000 , 0.000000 , 0.000000 , 
                    0.000000 
, 0.000000 , 0.000000 , 0.000000 , 0.000000 , 0.000000 , 
                    0.000000 
, 0.000000 , 0.000000 , 0.000000 , 0.000000 , 0.000000 , 
                    0.000000 
, 0.000000 , 0.000000 , 0.000000 , 0.000000 , 0.000000 , 
                    0.000000 

 VXDTrackerHits.rawHits_begin = 0, 0, 0, 0, 0, 0, 0, 0, 0, 0, 0, 0
 VXDTrackerHits.rawHits_end = 0, 0, 0, 0, 0, 0, 0, 0, 0, 0, 0, 0
 VertexJets      = (vector<edm4hep::ReconstructedParticleData>*)0x171d2bd0
 VertexJets.type = 4, 4
 VertexJets.energy = 45.880974, 45.145618
 VertexJets.momentum.x = 25.221233, -23.858480
 VertexJets.momentum.y = 30.962576, -30.962042
 VertexJets.momentum.z = -22.588951, 22.588509
 VertexJets.referencePoint.x = 0.000000, 0.000000
 VertexJets.referencePoint.y = 0.000000, 0.000000
 VertexJets.referencePoint.z = 0.000000, 0.000000
 VertexJets.charge = -1.000000, 1.000000
 VertexJets.mass = 0.106425, 0.104966
 VertexJets.goodnessOfPID = 0.000000, 0.000000
 VertexJets.covMatrix[10] = 0.000000 , 0.000000 , 0.000000 , 0.000000 , 0.000000 , 
                    0.000000 , 0.000000 , 0.000000 , 0.000000 , 0.000000 
, 0.000000 , 0.000000 , 0.000000 , 0.000000 , 0.000000 , 
                    0.000000 , 0.000000 , 0.000000 , 0.000000 , 0.000000 

 VertexJets.clusters_begin = 0, 0
 VertexJets.clusters_end = 0, 0
 VertexJets.tracks_begin = 0, 0
 VertexJets.tracks_end = 0, 0
 VertexJets.particles_begin = 0, 1
 VertexJets.particles_end = 1, 2
 VertexJets.particleIDs_begin = 0, 1
 VertexJets.particleIDs_end = 1, 2
 VertexJets#2    = (vector<podio::ObjectID>*)0x173392c0
 VertexJets#2.index = 0, 1
 VertexJets#2.collectionID = 54, 54
 VertexJets#3    = (vector<podio::ObjectID>*)0x173741a0
 VertexJets#3.index = 6, 7
 VertexJets#3.collectionID = 32, 32
 VertexJets#4    = (vector<podio::ObjectID>*)0x1739e410
 VertexJets#4.index = -2, -2
 VertexJets#4.collectionID = -2, -2
 VertexJets#5    = (vector<podio::ObjectID>*)0x173c8680
 VertexJets#5.index = -2, -2
 VertexJets#5.collectionID = -2, -2
